0 0
1 0
1 1
0 1
0.02 0
0.04 0
0.06 0
0.08 0
0.1 0
0.12 0
0.14 0
0.16 0
0.18 0
0.2 0
0.22 0
0.24 0
0.26 0
0.28 0
0.3 0
0.32 0
0.34 0
0.36 0
0.38 0
0.4 0
0.42 0
0.44 0
0.46 0
0.48 0
0.5 0
0.52 0
0.54 0
0.56 0
0.58 0
0.6 0
0.62 0
0.64 0
0.66 0
0.68 0
0.7 0
0.72 0
0.74 0
0.76 0
0.78 0
0.8 0
0.82 0
0.84 0
0.86 0
0.88 0
0.9 0
0.92 0
0.94 0
0.96 0
0.98 0
1 0.02
1 0.04
1 0.06
1 0.08
1 0.1
1 0.12
1 0.14
1 0.16
1 0.18
1 0.2
1 0.22
1 0.24
1 0.26
1 0.28
1 0.3
1 0.32
1 0.34
1 0.36
1 0.38
1 0.4
1 0.42
1 0.44
1 0.46
1 0.48
1 0.5
1 0.52
1 0.54
1 0.56
1 0.58
1 0.6
1 0.62
1 0.64
1 0.66
1 0.68
1 0.7
1 0.72
1 0.74
1 0.76
1 0.78
1 0.8
1 0.82
1 0.84
1 0.86
1 0.88
1 0.9
1 0.92
1 0.94
1 0.96
1 0.98
0.98 1
0.96 1
0.94 1
0.92 1
0.9 1
0.88 1
0.86 1
0.84 1
0.82 1
0.8 1
0.78 1
0.76 1
0.74 1
0.72 1
0.7 1
0.68 1
0.66 1
0.64 1
0.62 1
0.6 1
0.58 1
0.56 1
0.54 1
0.52 1
0.5 1
0.48 1
0.46 1
0.44 1
0.42 1
0.4 1
0.38 1
0.36 1
0.34 1
0.32 1
0.3 1
0.28 1
0.26 1
0.24 1
0.22 1
0.2 1
0.18 1
0.16 1
0.14 1
0.12 1
0.1 1
0.08 1
0.06 1
0.04 1
0.02 1
0 0.98
0 0.96
0 0.94
0 0.92
0 0.9
0 0.88
0 0.86
0 0.84
0 0.82
0 0.8
0 0.78
0 0.76
0 0.74
0 0.72
0 0.7
0 0.68
0 0.66
0 0.64
0 0.62
0 0.6
0 0.58
0 0.56
0 0.54
0 0.52
0 0.5
0 0.48
0 0.46
0 0.44
0 0.42
0 0.4
0 0.38
0 0.36
0 0.34
0 0.32
0 0.3
0 0.28
0 0.26
0 0.24
0 0.22
0 0.2
0 0.18
0 0.16
0 0.14
0 0.12
0 0.1
0 0.08
0 0.06
0 0.04
0 0.02
0.49805 0.49881
0.70714 0.70714
0.29464 0.70724
0.70545 0.29277
0.29276 0.29464
0.50086 0.78086
0.21914 0.50086
0.78031 0.5
0.49914 0.21914
0.83077 0.82789
0.17211 0.83077
0.82789 0.16923
0.16923 0.17211
0.56739 0.64278
0.36042 0.56849
0.64189 0.43019
0.43506 0.36075
0.64045 0.84894
0.15106 0.64045
0.84894 0.35955
0.35955 0.15106
0.84806 0.63878
0.36038 0.84579
0.63962 0.15421
0.15421 0.36038
0.44316 0.66585
0.6795 0.58053
0.33481 0.44094
0.55749 0.3324
0.53581 0.88758
0.11242 0.53581
0.88758 0.46419
0.46419 0.11242
0.73786 0.89006
0.10994 0.73786
0.89006 0.26214
0.26214 0.10994
0.89166 0.7373
0.7373 0.10834
0.2627 0.89166
0.10834 0.2627
0.60255 0.74324
0.25544 0.60373
0.74439 0.39924
0.39745 0.25676
0.59751 0.5268
0.89759 0.10152
0.10152 0.10241
0.89848 0.89759
0.10241 0.89848
0.38226 0.74841
0.61774 0.25159
0.25159 0.38226
0.43901 0.90285
0.90285 0.56099
0.097148 0.43901
0.56099 0.097148
0.73952 0.79616
0.20384 0.73952
0.79616 0.26048
0.26048 0.20384
0.80005 0.72218
0.27877 0.79966
0.72123 0.20034
0.20034 0.27877
0.49005 0.59016
0.40864 0.49789
0.5507 0.42444
0.75525 0.63123
0.35543 0.65298
0.69337 0.4986
0.64206 0.34725
0.35121 0.35777
0.81811 0.91677
0.083228 0.81811
0.91677 0.18189
0.18189 0.083228
0.81811 0.083228
0.91677 0.81811
0.083228 0.18189
0.18189 0.91677
0.51252 0.70064
0.64852 0.65338
0.29936 0.51252
0.48592 0.29788
0.60851 0.91999
0.08001 0.60851
0.91999 0.39149
0.39149 0.08001
0.92014 0.66558
0.66558 0.079865
0.33442 0.92014
0.079865 0.33442
0.43529 0.82497
0.82474 0.56433
0.17503 0.43529
0.56471 0.17503
0.46459 0.43209
0.56436 0.81576
0.18397 0.56457
0.81585 0.43346
0.43543 0.18397
0.66694 0.77715
0.21853 0.66938
0.78147 0.33062
0.33062 0.21853
0.67778 0.92881
0.071188 0.67778
0.92881 0.32222
0.32222 0.071188
0.74824 0.56206
0.42369 0.55202
0.49833 0.37837
0.45155 0.73335
0.26665 0.45155
0.54946 0.26641
0.61328 0.58931
0.39525 0.4124
0.55333 0.5742
0.49339 0.93947
0.060529 0.49339
0.93947 0.50661
0.50661 0.060529
0.40617 0.61526
0.49834 0.83847
0.16153 0.49834
0.84065 0.5005
0.50166 0.16153
0.70066 0.84331
0.15669 0.70066
0.84331 0.29934
0.29934 0.15669
0.83757 0.77051
0.22949 0.83757
0.77051 0.16243
0.16243 0.22949
0.32216 0.75649
0.67784 0.24351
0.24351 0.32216
0.93903 0.60916
0.60916 0.060969
0.39084 0.93903
0.060969 0.39084
0.29743 0.64704
0.70555 0.35259
0.35296 0.29743
0.59894 0.39092
0.69794 0.43907
0.55589 0.48594
0.94296 0.058847
0.058847 0.057041
0.94117 0.94117
0.057817 0.94108
0.55452 0.94207
0.057933 0.55452
0.94207 0.44548
0.44548 0.057933
0.7637 0.94095
0.059049 0.7637
0.94095 0.2363
0.2363 0.059049
0.94174 0.76605
0.76605 0.058258
0.23395 0.94174
0.058258 0.23395
0.77456 0.84594
0.15406 0.77456
0.84594 0.22544
0.22544 0.15406
0.8527 0.69761
0.30265 0.85316
0.69735 0.14684
0.14684 0.30265
0.65127 0.71277
0.51012 0.64407
0.35593 0.51012
0.57192 0.69944
0.30231 0.5703
0.70285 0.65072
0.43066 0.30307
0.54718 0.7482
0.2518 0.54718
0.45282 0.2518
0.86454 0.94525
0.054747 0.86454
0.94525 0.13546
0.13546 0.054747
0.86667 0.055176
0.94482 0.86667
0.055176 0.13333
0.13333 0.94482
0.65278 0.53354
0.3928 0.69242
0.30605 0.39348
0.60744 0.30764
0.75074 0.45217
0.58856 0.87359
0.12641 0.58856
0.86919 0.41301
0.41144 0.12641
0.74939 0.74255
0.25717 0.74963
0.74283 0.25037
0.25037 0.25717
0.75666 0.68604
0.61698 0.79529
0.20471 0.61698
0.79758 0.38827
0.38302 0.20471
0.94847 0.70986
0.70986 0.05153
0.29014 0.94847
0.05153 0.29014
0.85205 0.87605
0.12395 0.85205
0.87605 0.14795
0.14795 0.12395
0.38731 0.7993
0.61269 0.2007
0.2007 0.38731
0.63125 0.48703
0.7906 0.79155
0.20845 0.7906
0.79155 0.2094
0.2094 0.20845
0.34494 0.71087
0.65506 0.28913
0.28913 0.34494
0.88851 0.61021
0.38979 0.88851
0.61021 0.11149
0.11149 0.38979
0.80316 0.61095
0.67222 0.38851
0.80516 0.6681
0.5073 0.45124
0.59545 0.44959
0.32843 0.80944
0.67157 0.19056
0.19056 0.32843
0.4765 0.54716
0.95135 0.55318
0.55318 0.048649
0.44682 0.95135
0.048649 0.44682
0.32763 0.60849
0.3901 0.33465
0.86997 0.8043
0.1957 0.86997
0.8043 0.13003
0.13003 0.1957
0.48533 0.88825
0.11175 0.48533
0.88825 0.51467
0.51467 0.11175
0.4311 0.77423
0.22577 0.4311
0.5689 0.22577
0.67267 0.88132
0.11868 0.67267
0.88132 0.32733
0.32733 0.11868
0.45788 0.48146
0.45583 0.61684
0.7176 0.95554
0.044458 0.7176
0.95554 0.2824
0.2824 0.044458
0.5375 0.52389
0.37702 0.45819
0.705 0.54347
0.63964 0.95442
0.045575 0.63964
0.95442 0.36036
0.36036 0.045575
0.54716 0.37829
0.72287 0.60007
0.8082 0.87287
0.12713 0.8082
0.87287 0.1918
0.1918 0.12713
0.70129 0.75605
0.24727 0.7047
0.75273 0.2953
0.2953 0.24727
0.61318 0.68552
0.85468 0.10581
0.89419 0.85468
0.10581 0.14532
0.14532 0.89419
0.35385 0.40159
0.74058 0.51044
0.39238 0.52879
0.47098 0.33967
0.51766 0.32819
0.78856 0.54226
0.42188 0.45003
0.53811 0.60935
0.49108 0.73826
0.46928 0.69329
0.26174 0.49108
0.30671 0.46928
0.5081 0.26189
0.60542 0.63102
0.65534 0.61201
0.80581 0.95768
0.04232 0.80581
0.95768 0.19419
0.19419 0.04232
0.9593 0.80644
0.80644 0.040702
0.19356 0.9593
0.040702 0.19356
0.4607 0.39008
0.95774 0.64732
0.64732 0.042262
0.35268 0.95774
0.042262 0.35268
0.60078 0.3468
0.57719 0.77294
0.22542 0.5756
0.4244 0.22542
0.53642 0.84547
0.15453 0.53642
0.84503 0.46423
0.46358 0.15453
0.87812 0.66272
0.66322 0.12262
0.33678 0.87738
0.12262 0.33678
0.4536 0.86745
0.13255 0.4536
0.86436 0.54616
0.5464 0.13255
0.59048 0.95908
0.040924 0.59048
0.95908 0.40952
0.40952 0.040924
0.3812 0.38081
0.40095 0.84924
0.85094 0.60016
0.15076 0.40095
0.59905 0.15076
0.2572 0.64368
0.74498 0.35458
0.35632 0.2572
0.44125 0.51814
0.7785 0.90291
0.097089 0.7785
0.90291 0.2215
0.2215 0.097089
0.90292 0.77849
0.77849 0.097084
0.22151 0.90292
0.097084 0.22151
0.66627 0.46157
0.6328 0.8867
0.1133 0.6328
0.88661 0.36595
0.3672 0.1133
0.95759 0.096748
0.096748 0.042406
0.90325 0.95759
0.90573 0.041364
0.042406 0.90325
0.96034 0.90503
0.041364 0.094274
0.094274 0.95864
0.77729 0.4196
0.67034 0.81647
0.1809 0.66768
0.8191 0.33232
0.33232 0.1809
0.89955 0.69966
0.69966 0.10045
0.30034 0.89955
0.10045 0.30034
0.67624 0.67914
0.32675 0.67193
0.67353 0.32823
0.32807 0.32675
0.51569 0.55788
0.53897 0.7896
0.2104 0.53897
0.46103 0.2104
0.54057 0.67181
0.33447 0.53785
0.40258 0.65833
0.57075 0.90594
0.094055 0.57075
0.90594 0.42925
0.42925 0.094055
0.47358 0.80777
0.19223 0.47358
0.52642 0.19223
0.49228 0.41236
0.80738 0.47046
0.57315 0.6026
0.63876 0.74687
0.28663 0.60846
0.39298 0.29487
0.60318 0.83282
0.16718 0.60318
0.83332 0.39687
0.39682 0.16718
0.35758 0.7772
0.64242 0.2228
0.2228 0.35758
0.7728 0.59873
0.39357 0.57996
0.70114 0.79566
0.20286 0.69857
0.79714 0.30143
0.30143 0.20286
0.52266 0.96059
0.039411 0.52266
0.96059 0.47734
0.47734 0.039411
0.5894 0.56158
0.59317 0.48666
0.52723 0.29381
0.70838 0.4038
0.78395 0.75263
0.24715 0.78404
0.75285 0.21596
0.21596 0.24715
0.83461 0.73034
0.26947 0.83438
0.73053 0.16562
0.16562 0.26947
0.42777 0.69873
0.29819 0.43268
0.57239 0.29734
0.64565 0.57004
0.71895 0.46794
0.73387 0.85485
0.14515 0.73387
0.85485 0.26613
0.26613 0.14515
0.37164 0.60393
0.70296 0.89948
0.10052 0.70296
0.89948 0.29704
0.29704 0.10052
0.46643 0.77022
0.22978 0.46643
0.53369 0.23013
0.27434 0.67742
0.72566 0.32258
0.32258 0.27434
0.69027 0.61646
0.48136 0.66102
0.33962 0.4766
0.45629 0.58389
0.4321 0.41099
0.68582 0.96458
0.035416 0.68582
0.96458 0.31418
0.31418 0.035416
0.63262 0.3979
0.96567 0.67786
0.67786 0.03433
0.32214 0.96567
0.03433 0.32214
0.64495 0.91852
0.08148 0.64495
0.91852 0.35505
0.35505 0.08148
0.29368 0.74521
0.70632 0.25479
0.25479 0.29368
0.85327 0.91157
0.088426 0.85327
0.91157 0.14673
0.14673 0.088426
0.52753 0.92285
0.077154 0.52753
0.92285 0.47247
0.47247 0.077154
0.67346 0.73818
0.41818 0.73387
0.26656 0.41806
0.58182 0.26613
0.96727 0.032326
0.032326 0.032733
0.96727 0.96767
0.032326 0.96727
0.8612 0.83764
0.16236 0.8612
0.83764 0.1388
0.1388 0.16236
0.96582 0.58438
0.58438 0.034181
0.41562 0.96582
0.034181 0.41562
0.51213 0.81303
0.18697 0.51213
0.48787 0.18697
0.83934 0.96607
0.033928 0.83934
0.96607 0.16066
0.16066 0.033928
0.84 0.032665
0.96733 0.84
0.032665 0.16
0.16 0.96733
0.96852 0.743
0.743 0.031479
0.257 0.96852
0.031479 0.257
0.72206 0.67866
0.91447 0.63045
0.63045 0.085527
0.36955 0.91447
0.085527 0.36955
0.80843 0.51811
0.47953 0.96713
0.032869 0.47953
0.96713 0.52047
0.52047 0.032869
0.87323 0.77189
0.22811 0.87323
0.77189 0.12677
0.12677 0.22811
0.786 0.63996
0.66 0.50212
0.92402 0.73814
0.73814 0.075978
0.26186 0.92402
0.075978 0.26186
0.73957 0.9246
0.075404 0.73957
0.9246 0.26043
0.26043 0.075404
0.58508 0.66796
0.61998 0.54908
0.582 0.41767
0.7307 0.42863
0.87508 0.57839
0.42161 0.87508
0.57839 0.12492
0.12492 0.42161
0.54349 0.71512
0.28643 0.54469
0.45559 0.28482
0.57308 0.72918
0.26971 0.57431
0.42692 0.27082
0.79353 0.57556
0.36255 0.68404
0.63745 0.31596
0.31596 0.36255
0.52421 0.47845
0.46293 0.92412
0.075875 0.46293
0.92412 0.53707
0.53707 0.075875
0.35169 0.74169
0.64831 0.25831
0.25831 0.35169
0.48566 0.62524
0.52593 0.40254
0.9321 0.57594
0.57594 0.067899
0.42406 0.9321
0.067899 0.42406
0.6719 0.42589
0.74729 0.969
0.031002 0.74729
0.969 0.25271
0.25271 0.031002
0.56801 0.51264
0.82307 0.79693
0.20307 0.82307
0.79693 0.17693
0.17693 0.20307
0.73861 0.71089
0.35995 0.81218
0.64005 0.18782
0.18782 0.35995
0.76682 0.81221
0.79823 0.82178
0.18779 0.76682
0.17822 0.79823
0.81221 0.23318
0.82178 0.20177
0.23318 0.18779
0.20177 0.17822
0.75223 0.48284
0.92952 0.08587
0.08587 0.070478
0.91413 0.92952
0.070478 0.91413
0.32729 0.63985
0.36011 0.32749
0.61883 0.71616
0.67177 0.35984
0.50958 0.86892
0.13108 0.50958
0.86925 0.49057
0.49042 0.13108
0.76529 0.87256
0.12744 0.76529
0.87256 0.23471
0.23471 0.12744
0.72687 0.8257
0.1743 0.72687
0.8257 0.27313
0.27313 0.1743
0.30691 0.78461
0.69309 0.21539
0.21539 0.30691
0.47347 0.51192
0.8206 0.69762
0.83671 0.66949
0.37545 0.71681
0.62455 0.28319
0.28319 0.37545
0.67038 0.85045
0.14955 0.67038
0.85045 0.32962
0.32962 0.14955
0.89407 0.069847
0.93015 0.89407
0.069847 0.10593
0.10593 0.93015
0.37875 0.48914
0.62917 0.51668
0.42865 0.6379
0.54065 0.45405
0.42485 0.59143
0.76029 0.7767
0.22315 0.76039
0.77685 0.23961
0.23961 0.22315
0.44461 0.3312
0.76962 0.71808
0.57628 0.36852
0.36802 0.43005
0.48434 0.47303
0.83504 0.53484
0.97143 0.61786
0.61786 0.028569
0.38214 0.97143
0.028569 0.38214
0.41567 0.38542
0.61245 0.42063
0.71198 0.87166
0.12834 0.71198
0.87166 0.28802
0.28802 0.12834
0.30062 0.8214
0.69938 0.1786
0.33268 0.8379
0.66732 0.1621
0.1786 0.30062
0.1621 0.33268
0.72559 0.63043
0.78376 0.45012
0.31925 0.72613
0.68075 0.27387
0.27387 0.31925
0.97088 0.067929
0.067929 0.029125
0.93399 0.029757
0.97037 0.93374
0.029757 0.06601
0.93232 0.97134
0.028655 0.93232
0.065085 0.9694
0.56546 0.54252
0.75824 0.5334
0.67508 0.55167
0.71008 0.57264
0.23488 0.62202
0.7635 0.37794
0.37798 0.23488
0.38134 0.63371
0.7782 0.96987
0.030131 0.7782
0.96987 0.2218
0.2218 0.030131
0.96953 0.77755
0.77755 0.030469
0.22245 0.96953
0.030469 0.22245
0.56521 0.97034
0.029663 0.56521
0.97034 0.43479
0.43479 0.029663
0.62147 0.36998
0.63409 0.81922
0.18429 0.63907
0.81571 0.36093
0.36093 0.18429
0.84768 0.078354
0.92165 0.84768
0.078354 0.15232
0.15232 0.92165
0.8649 0.72387
0.72387 0.1351
0.27613 0.8649
0.1351 0.27613
0.33222 0.5788
0.7883 0.69346
0.6207 0.45772
0.51729 0.7558
0.2442 0.51729
0.48271 0.2442
0.55953 0.87051
0.12949 0.55953
0.86843 0.44194
0.44047 0.12949
0.40096 0.77382
0.22618 0.40096
0.59904 0.22618
0.27692 0.76968
0.72308 0.23032
0.23032 0.27692
0.50337 0.52847
0.72239 0.37608
0.50448 0.67357
0.32622 0.50438
0.81374 0.75057
0.24943 0.81374
0.75057 0.18626
0.18626 0.24943
0.67463 0.6471
0.36512 0.53806
0.46579 0.83688
0.16312 0.46579
0.53421 0.16312
0.52007 0.58583
0.72857 0.76789
0.23255 0.72845
0.76745 0.27155
0.27155 0.23255
0.64282 0.6831
0.61504 0.86139
0.13861 0.61504
0.86139 0.38496
0.38496 0.13861
0.8747 0.63625
0.63489 0.12539
0.36511 0.87461
0.12539 0.36511
0.79302 0.93153
0.068466 0.79302
0.93153 0.20698
0.20698 0.068466
0.93153 0.79302
0.79302 0.068466
0.20698 0.93153
0.068466 0.20698
0.88794 0.82649
0.82649 0.11206
0.17351 0.88794
0.11206 0.17351
0.7466 0.65896
0.5266 0.35832
0.8182 0.64043
0.9716 0.12412
0.12412 0.028397
0.87588 0.9716
0.028397 0.87588
0.87541 0.028051
0.97195 0.87541
0.028051 0.12459
0.12459 0.97195
0.32731 0.41311
0.68262 0.52332
0.83497 0.93755
0.062449 0.83497
0.93755 0.16503
0.16503 0.062449
0.41704 0.802
0.198 0.41704
0.58296 0.198
0.5384 0.63924
0.58226 0.9331
0.066895 0.58226
0.9331 0.41774
0.41774 0.066895
0.8307 0.85704
0.14296 0.8307
0.85704 0.1693
0.1693 0.14296
0.6141 0.76719
0.26868 0.72449
0.73132 0.27551
0.27551 0.26868
0.67855 0.70908
0.6175 0.97273
0.027268 0.6175
0.97273 0.3825
0.3825 0.027268
0.60144 0.88834
0.11166 0.60144
0.89401 0.3985
0.39856 0.11166
0.88124 0.9197
0.0803 0.88124
0.9197 0.11876
0.11876 0.0803
0.92722 0.69402
0.69402 0.072781
0.30598 0.92722
0.072781 0.30598
0.58433 0.32267
0.83262 0.8871
0.1129 0.83262
0.8871 0.16738
0.16738 0.1129
0.57323 0.84435
0.15565 0.57323
0.84475 0.42642
0.42677 0.15565
0.77679 0.66688
0.88106 0.11952
0.88048 0.88106
0.11952 0.11894
0.11894 0.88048
0.38624 0.82657
0.17343 0.38624
0.61376 0.17343
0.5205 0.73073
0.26927 0.5205
0.48094 0.27184
0.70667 0.92839
0.071614 0.70667
0.92839 0.29333
0.29333 0.071614
0.54525 0.81878
0.18117 0.54529
0.45471 0.18117
0.59064 0.80352
0.19913 0.58987
0.41013 0.19913
0.90504 0.5885
0.5885 0.094964
0.4115 0.90504
0.094964 0.4115
0.29 0.9743
0.025701 0.29
0.9743 0.71
0.71 0.025701
0.44603 0.79931
0.20069 0.44603
0.55397 0.20069
0.33387 0.38409
0.64108 0.78238
0.82229 0.59015
0.65764 0.97407
0.025926 0.65764
0.97407 0.34236
0.34236 0.025926
0.87366 0.087923
0.91208 0.87366
0.087923 0.12634
0.12634 0.91208
0.51013 0.89898
0.10102 0.51013
0.89898 0.48987
0.48987 0.10102
0.61948 0.65837
0.8035 0.40846
0.29855 0.68058
0.70145 0.31942
0.31942 0.29855
0.40702 0.35725
0.21109 0.64335
0.78891 0.35665
0.35665 0.21109
0.41704 0.6783
0.56795 0.39628
0.45942 0.3114
0.64832 0.37415
0.69017 0.37909
0.521 0.42937
0.41678 0.3265
0.48055 0.86228
0.13772 0.48055
0.86197 0.52457
0.51945 0.13772
0.82461 0.057119
0.94288 0.82461
0.057119 0.17539
0.17539 0.94288
0.2732 0.6235
0.37939 0.27304
0.59399 0.71117
0.47106 0.36571
0.7327 0.54057
0.54647 0.31036
0.50966 0.61147
0.43158 0.47832
0.35407 0.62622
0.72084 0.73052
0.45144 0.4564
0.42946 0.85014
0.84896 0.57043
0.14986 0.42946
0.57054 0.14986
0.56937 0.45912
0.61591 0.94292
0.057079 0.61591
0.94292 0.38409
0.38409 0.057079
0.45154 0.54233
0.39785 0.46788
0.4186 0.53202
0.71237 0.51783
0.24589 0.67745
0.75411 0.32255
0.32255 0.24589
0.69428 0.47175
0.37326 0.35186
0.38291 0.55443
0.82042 0.49107
0.47268 0.56596
0.33821 0.78076
0.66179 0.21924
0.21924 0.33821
0.80804 0.84705
0.15295 0.80804
0.84705 0.19196
0.19196 0.15295
0.48255 0.44868
0.70991 0.97506
0.024939 0.70991
0.97506 0.29009
0.29009 0.024939
0.52562 0.5049
0.45465 0.89074
0.10926 0.45465
0.88949 0.5439
0.54535 0.10926
0.62145 0.61763
0.49125 0.71091
0.28909 0.49125
0.75001 0.83176
0.16824 0.75001
0.83176 0.24999
0.24999 0.16824
0.3963 0.44142
0.84075 0.80974
0.19026 0.84075
0.80974 0.15925
0.15925 0.19026
0.45496 0.64992
0.38197 0.66401
0.44961 0.97938
0.020622 0.44961
0.97938 0.55039
0.55039 0.020622
0.77699 0.47477
0.49747 0.34916
0.62043 0.33575
0.85525 0.73865
0.26138 0.85521
0.73862 0.14479
0.14479 0.26138
0.66453 0.90929
0.090711 0.66453
0.90929 0.33547
0.33547 0.090711
0.43073 0.75449
0.24456 0.42972
0.56927 0.24551
0.31702 0.69976
0.68298 0.30024
0.30024 0.31702
0.78033 0.62016
0.64723 0.86895
0.13105 0.64723
0.86894 0.35263
0.35277 0.13105
0.86976 0.69191
0.69181 0.12818
0.30819 0.87182
0.12818 0.30819
0.49113 0.32376
0.74314 0.58816
0.82888 0.61419
0.8098 0.77472
0.22528 0.8098
0.77472 0.1902
0.1902 0.22528
0.89915 0.65527
0.34466 0.89906
0.65534 0.10094
0.10094 0.34466
0.50134 0.97127
0.02873 0.50134
0.97127 0.49866
0.49866 0.02873
0.89691 0.8
0.8 0.10309
0.2 0.89691
0.10309 0.2
0.69356 0.76918
0.80029 0.89751
0.10249 0.80029
0.89751 0.19971
0.19971 0.10249
0.53436 0.55186
0.36164 0.37814
0.59194 0.62464
0.81101 0.54379
0.75668 0.41833
0.3798 0.40093
0.66575 0.94304
0.056958 0.66575
0.94304 0.33425
0.33425 0.056958
0.54613 0.90857
0.091429 0.54613
0.90857 0.45387
0.45387 0.091429
0.72072 0.49388
0.48576 0.91315
0.086848 0.48576
0.91315 0.51424
0.51424 0.086848
0.64939 0.45983
0.40743 0.82515
0.17485 0.40743
0.59257 0.17485
0.7739 0.56158
0.69957 0.68142
0.69054 0.82189
0.17452 0.69505
0.82548 0.30495
0.30495 0.17452
0.22342 0.60704
0.39296 0.22342
0.34738 0.45703
0.91697 0.061576
0.061576 0.083029
0.93757 0.91681
0.083029 0.93842
0.85473 0.78165
0.21835 0.85473
0.78165 0.14527
0.14527 0.21835
0.22711 0.69417
0.77289 0.30583
0.30583 0.22711
0.94515 0.66697
0.66697 0.054848
0.33303 0.94515
0.054848 0.33303
0.58109 0.74738
0.24858 0.57885
0.41951 0.252
0.5429 0.97443
0.025571 0.5429
0.97443 0.4571
0.4571 0.025571
0.43478 0.61266
0.43858 0.38257
0.46993 0.60042
0.55386 0.77071
0.2293 0.55358
0.44642 0.2293
0.90682 0.75568
0.75568 0.093181
0.24432 0.90682
0.093181 0.24432
0.69692 0.72788
0.74401 0.6105
0.70233 0.60005
0.39137 0.50702
0.76212 0.92027
0.079729 0.76212
0.92027 0.23788
0.23788 0.079729
0.39851 0.719
0.28115 0.39795
0.60149 0.281
0.93843 0.6324
0.6324 0.061575
0.3676 0.93843
0.061575 0.3676
0.69062 0.86539
0.13461 0.69062
0.86539 0.30938
0.30938 0.13461
0.31664 0.59415
0.35317 0.586
0.91776 0.71423
0.71423 0.082242
0.28577 0.91776
0.082242 0.28577
0.55642 0.61608
0.5546 0.59438
0.44936 0.68834
0.31166 0.44936
0.63745 0.5968
0.90145 0.67676
0.67677 0.098564
0.32323 0.90144
0.098564 0.32323
0.56341 0.79184
0.20677 0.56207
0.43793 0.20677
0.97652 0.66132
0.66132 0.02348
0.33868 0.97652
0.02348 0.33868
0.47025 0.40775
0.48845 0.3949
0.85812 0.61971
0.62128 0.14105
0.37872 0.85895
0.14105 0.37872
0.8908 0.93782
0.93782 0.1092
0.062177 0.8908
0.1092 0.062177
0.56328 0.67159
0.8242 0.45283
0.78177 0.86387
0.13613 0.78177
0.86387 0.21823
0.21823 0.13613
0.53579 0.69632
0.30176 0.53413
0.54441 0.35999
0.91694 0.60853
0.39147 0.91694
0.60853 0.083058
0.083058 0.39147
0.434 0.43412
0.47383 0.72634
0.27366 0.47383
0.63333 0.63323
0.31603 0.62294
0.37886 0.31597
0.81897 0.97681
0.023192 0.81897
0.97681 0.18103
0.18103 0.023192
0.81897 0.023192
0.97681 0.81897
0.023192 0.18103
0.18103 0.97681
0.86807 0.86103
0.86103 0.13193
0.13897 0.86807
0.13193 0.13897
0.76636 0.40228
0.48545 0.76164
0.23836 0.48545
0.52659 0.25553
0.51425 0.23902
0.57546 0.57962
0.5047 0.2884
0.56965 0.4357
0.2708 0.69924
0.7292 0.30076
0.30076 0.2708
0.6019 0.77989
0.4067 0.55291
0.45437 0.71057
0.28899 0.45507
0.6607 0.5906
0.23356 0.64794
0.76644 0.35206
0.35206 0.23356
0.65847 0.7971
0.41087 0.42966
0.47722 0.78791
0.21209 0.47722
0.52279 0.21213
0.45773 0.35509
0.74231 0.94782
0.052181 0.74231
0.94782 0.25769
0.25769 0.052181
0.64664 0.41175
0.75995 0.51159
0.44177 0.49539
0.27631 0.65574
0.7259 0.34384
0.34426 0.27631
0.51639 0.83469
0.16531 0.51639
0.48361 0.16531
0.85869 0.67517
0.67752 0.44369
0.20387 0.67837
0.79613 0.32163
0.32163 0.20387
0.61228 0.49646
0.42524 0.51245
0.30464 0.76392
0.69536 0.23608
0.23608 0.30464
0.47096 0.94494
0.055058 0.47096
0.94494 0.52904
0.52904 0.055058
0.2781 0.59254
0.41567 0.28611
0.54863 0.50538
0.49174 0.81914
0.18086 0.49174
0.50826 0.18086
0.72445 0.65383
0.59339 0.68818
0.52049 0.37945
0.50411 0.31198
0.60335 0.61044
0.37454 0.58395
0.71991 0.44726
0.66338 0.75466
0.34177 0.85788
0.65823 0.14212
0.14212 0.34177
0.88365 0.71847
0.71847 0.11635
0.28153 0.88365
0.11635 0.28153
0.53714 0.3385
0.6484 0.63491
0.77839 0.52393
0.54722 0.28715
0.54849 0.40034
0.61093 0.56674
0.58878 0.64599
0.53349 0.94195
0.058053 0.53349
0.94195 0.46651
0.46651 0.058053
0.34667 0.42276
0.55751 0.88863
0.11137 0.55751
0.88824 0.44234
0.44249 0.11137
0.8557 0.97959
0.02041 0.8557
0.97959 0.1443
0.1443 0.02041
0.85583 0.02026
0.97974 0.85583
0.02026 0.14417
0.14417 0.97974
0.8169 0.93871
0.061288 0.8169
0.93871 0.1831
0.1831 0.061288
0.61717 0.81725
0.18445 0.61924
0.8166 0.3817
0.38076 0.18445
0.57757 0.34909
0.77323 0.79387
0.20611 0.77325
0.79389 0.22675
0.22675 0.20611
0.016267 0.58977
0.58977 0.98373
0.98373 0.41023
0.41023 0.016267
0.62638 0.90779
0.092211 0.62638
0.9077 0.37351
0.37362 0.092211
0.8832 0.7886
0.7886 0.1168
0.2114 0.8832
0.1168 0.2114
0.72584 0.90853
0.091469 0.72584
0.90853 0.27416
0.27416 0.091469
0.97873 0.088796
0.088796 0.021273
0.90831 0.019319
0.98123 0.90835
0.91124 0.97879
0.021215 0.91124
0.019319 0.09169
0.09169 0.98068
0.37888 0.76963
0.62112 0.23037
0.23037 0.37888
0.97806 0.63796
0.63796 0.021944
0.36204 0.97806
0.021944 0.36204
0.69193 0.41778
0.65776 0.88737
0.11263 0.65776
0.88736 0.34204
0.34224 0.11263
0.68436 0.80431
0.41169 0.75509
0.24491 0.41169
0.58831 0.24491
0.71306 0.616
0.39041 0.59872
0.63885 0.97374
0.02626 0.63885
0.97374 0.36115
0.36115 0.02626
0.83759 0.48294
0.65377 0.48119
0.67958 0.48306
0.51777 0.77763
0.22237 0.51777
0.48223 0.22237
0.72939 0.98334
0.01666 0.72939
0.98334 0.27061
0.27061 0.01666
0.47463 0.4907
0.75915 0.021871
0.97813 0.75915
0.021871 0.24085
0.24085 0.97813
0.36203 0.47402
0.61992 0.7348
0.34676 0.67051
0.65301 0.3295
0.33016 0.34809
0.53062 0.86638
0.13362 0.53062
0.86702 0.46985
0.46938 0.13362
0.4917 0.69091
0.30904 0.4917
0.86825 0.90245
0.097546 0.86825
0.90245 0.13175
0.13175 0.097546
0.39922 0.87043
0.12957 0.39922
0.87055 0.60072
0.60078 0.12957
0.61265 0.47625
0.79761 0.43528
0.94594 0.74474
0.74474 0.054056
0.25526 0.94594
0.054056 0.25526
0.79816 0.97785
0.022152 0.79816
0.97785 0.20184
0.20184 0.022152
0.98003 0.79563
0.79563 0.019974
0.20437 0.98003
0.019974 0.20437
0.55479 0.83452
0.16548 0.55479
0.44521 0.16548
0.3216 0.56156
0.4425 0.9238
0.076204 0.4425
0.9238 0.5575
0.5575 0.076204
0.37501 0.51933
0.77015 0.7397
0.59172 0.5944
0.59984 0.36957
0.69997 0.94767
0.052332 0.69997
0.94767 0.30003
0.30003 0.052332
0.72117 0.78818
0.21136 0.7221
0.78864 0.2779
0.2779 0.21136
0.39959 0.31961
0.31418 0.65556
0.34443 0.3142
0.42945 0.98119
0.018814 0.42945
0.98119 0.57055
0.57055 0.018814
0.65379 0.7323
0.86288 0.65286
0.98123 0.050331
0.050331 0.018765
0.94987 0.018449
0.9811 0.95022
0.018449 0.050128
0.94912 0.98197
0.049696 0.98103
0.018035 0.94912
0.33714 0.69192
0.6629 0.30819
0.30817 0.33731
0.78976 0.59512
0.68633 0.34434
0.45463 0.56622
0.46622 0.46378
0.50652 0.39623
0.49261 0.55687
0.48868 0.64183
0.66349 0.66224
0.73059 0.5621
0.77043 0.64897
0.79361 0.88162
0.11838 0.79361
0.88162 0.20639
0.20639 0.11838
0.51951 0.66093
0.34147 0.51817
0.75864 0.89353
0.10647 0.75864
0.89353 0.24136
0.24136 0.10647
0.37078 0.79321
0.62922 0.20679
0.20679 0.37078
0.36928 0.89343
0.10657 0.36928
0.89224 0.63102
0.63072 0.10657
0.79645 0.48794
0.72525 0.40782
0.47425 0.74768
0.25232 0.47425
0.7444 0.37675
0.92317 0.77405
0.77405 0.076829
0.22595 0.92317
0.076829 0.22595
0.94718 0.078663
0.078663 0.052818
0.92134 0.94718
0.052818 0.92134
0.43422 0.72186
0.27794 0.43444
0.5647 0.28021
0.68813 0.66062
0.68469 0.75448
0.57356 0.95128
0.048722 0.57356
0.95128 0.42644
0.42644 0.048722
0.6406 0.55022
0.57427 0.49296
0.35003 0.55011
0.52237 0.53785
0.8874 0.052472
0.94895 0.88677
0.052472 0.1126
0.1126 0.94753
0.65703 0.83475
0.16344 0.65841
0.83656 0.34159
0.34159 0.16344
0.33193 0.74048
0.66807 0.25952
0.25952 0.33193
0.50404 0.9181
0.081899 0.50404
0.9181 0.49596
0.49596 0.081899
0.78479 0.95051
0.049487 0.78479
0.95051 0.21521
0.21521 0.049487
0.95041 0.78486
0.78486 0.049589
0.21514 0.95041
0.049589 0.21514
0.25975 0.7692
0.74025 0.2308
0.2308 0.25975
0.58488 0.54284
0.34068 0.76128
0.65932 0.23872
0.23872 0.34068
0.6272 0.69745
0.97911 0.59994
0.59994 0.020889
0.40006 0.97911
0.020889 0.40006
0.50349 0.95233
0.047668 0.50349
0.95233 0.49651
0.49651 0.047668
0.82019 0.66046
0.72946 0.74679
0.52279 0.62614
0.76739 0.43769
0.66217 0.6958
0.66559 0.56818
0.6291 0.92821
0.071791 0.6291
0.92819 0.37088
0.3709 0.071791
0.51682 0.27454
0.59205 0.90789
0.092108 0.59205
0.5803 0.89017
0.10983 0.5803
0.90843 0.40812
0.88926 0.41679
0.40795 0.092108
0.4197 0.10983
0.81817 0.7162
0.34538 0.7984
0.65462 0.2016
0.2016 0.34538
0.50238 0.43279
0.74048 0.46791
0.94477 0.69027
0.69027 0.055232
0.30973 0.94477
0.055232 0.30973
0.40933 0.63871
0.42494 0.65861
0.44962 0.4207
0.61249 0.44251
0.74555 0.87174
0.12826 0.74555
0.87174 0.25445
0.25445 0.12826
0.39798 0.39352
0.27281 0.98263
0.017367 0.27281
0.98263 0.72719
0.72719 0.017367
0.45455 0.81842
0.18158 0.45455
0.54545 0.18158
0.46397 0.66913
0.32687 0.46191
0.67842 0.13632
0.32158 0.86368
0.13632 0.32158
0.52796 0.31617
0.5525 0.65345
0.59094 0.50778
0.7248 0.69755
0.50349 0.57449
0.58511 0.81929
0.18067 0.58532
0.41468 0.18067
0.69291 0.017577
0.98242 0.69291
0.017577 0.30709
0.30709 0.98242
0.88149 0.56142
0.4383 0.88221
0.11779 0.4383
0.5617 0.11779
0.97993 0.020072
0.020072 0.020072
0.97993 0.97993
0.020072 0.97993
0.53299 0.5692
0.84414 0.056022
0.94398 0.84414
0.056022 0.15586
0.15586 0.94398
0.56036 0.92297
0.077035 0.56036
0.92297 0.43964
0.43964 0.077035
0.91091 0.082649
0.91723 0.91089
0.082649 0.089087
0.089087 0.91735
0.44653 0.7828
0.2172 0.44653
0.55349 0.21725
0.49339 0.7992
0.2008 0.49339
0.50661 0.2008
0.39689 0.67735
0.28372 0.81797
0.29034 0.83535
0.71628 0.18203
0.70966 0.16465
0.18203 0.28372
0.16465 0.29034
0.504 0.48059
0.65806 0.44114
0.78165 0.77303
0.22678 0.78177
0.77322 0.21823
0.21823 0.22678
0.41292 0.5725
0.69037 0.88549
0.11451 0.69037
0.88549 0.30963
0.30963 0.11451
0.71137 0.42208
0.5141 0.93921
0.060785 0.5141
0.93921 0.4859
0.4859 0.060785
0.45121 0.60072
0.58899 0.4661
0.42704 0.9497
0.9497 0.57296
0.050301 0.42704
0.57296 0.050301
0.75569 0.85286
0.14714 0.75569
0.85286 0.24431
0.24431 0.14714
0.25302 0.73088
0.74698 0.26912
0.26912 0.25302
0.69168 0.56168
0.64186 0.50203
0.19881 0.65839
0.80119 0.34161
0.34161 0.19881
0.8036 0.45105
0.29628 0.62664
0.37127 0.29545
0.8352 0.7089
0.84811 0.85722
0.85722 0.15189
0.14278 0.84811
0.15189 0.14278
0.62489 0.83523
0.16552 0.6259
0.8347 0.37424
0.3741 0.16552
0.67019 0.60758
0.25897 0.66763
0.74176 0.33201
0.33237 0.25897
0.31838 0.42957
0.30766 0.41307
0.7991 0.74141
0.25921 0.79815
0.74079 0.20185
0.20185 0.25921
0.82076 0.41515
0.80514 0.80529
0.19471 0.80514
0.80529 0.19486
0.19486 0.19471
0.39792 0.27613
0.3426 0.82136
0.6574 0.17864
0.17864 0.3426
0.88701 0.75702
0.75702 0.11299
0.24298 0.88701
0.11299 0.24298
0.69077 0.9158
0.084202 0.69077
0.9158 0.30923
0.30923 0.084202
0.59429 0.85328
0.14672 0.59429
0.85362 0.40563
0.40571 0.14672
0.90411 0.83775
0.83775 0.09589
0.09589 0.16225
0.16225 0.90411
0.29927 0.59005
0.71932 0.84089
0.15911 0.71932
0.84089 0.28068
0.28068 0.15911
0.93566 0.6522
0.6522 0.064339
0.3478 0.93566
0.064339 0.3478
0.37597 0.69727
0.62407 0.30273
0.30182 0.37574
0.31173 0.74287
0.68827 0.25713
0.25713 0.31173
0.25403 0.62112
0.37781 0.25258
0.60206 0.3257
0.44561 0.843
0.157 0.44561
0.55439 0.157
0.69416 0.98243
0.017573 0.69416
0.98243 0.30584
0.30584 0.017573
0.78586 0.40409
0.43729 0.57499
0.45255 0.75286
0.24714 0.45255
0.54745 0.24714
0.52495 0.45911
0.61454 0.40298
0.53426 0.76487
0.23513 0.53421
0.46579 0.23513
0.47209 0.90449
0.095509 0.47209
0.90438 0.52778
0.52791 0.095509
0.4051 0.70393
0.59104 0.29754
0.29896 0.80167
0.70104 0.19833
0.19833 0.29896
0.52316 0.98103
0.018967 0.52316
0.98103 0.47684
0.47684 0.018967
0.46865 0.63241
0.67942 0.83544
0.16623 0.68001
0.83377 0.31999
0.31999 0.16623
0.84383 0.5526
0.71762 0.80676
0.19324 0.71762
0.80676 0.28238
0.28238 0.19324
0.76553 0.98123
0.01877 0.76553
0.98123 0.23447
0.23447 0.01877
0.36352 0.75654
0.63648 0.24346
0.24346 0.36352
0.84043 0.44509
0.68943 0.39686
0.83286 0.74965
0.25035 0.83286
0.74965 0.16714
0.16714 0.25035
0.53016 0.01664
0.98336 0.53016
0.01664 0.46984
0.46984 0.98336
0.41333 0.40445
0.51998 0.68183
0.31941 0.52157
0.95858 0.60374
0.60374 0.041425
0.39626 0.95858
0.041425 0.39626
0.75828 0.58044
0.96045 0.052195
0.052195 0.039551
0.95889 0.94801
0.051986 0.95889
0.61565 0.53141
0.64641 0.93871
0.061293 0.64641
0.9387 0.35358
0.35359 0.061293
0.56443 0.31608
0.87331 0.74943
0.74942 0.1267
0.25058 0.8733
0.1267 0.25058
0.59754 0.76092
0.63035 0.41611
0.56206 0.71544
0.28577 0.56232
0.43698 0.28592
0.72025 0.88863
0.11137 0.72025
0.88863 0.27975
0.27975 0.11137
0.75155 0.8134
0.1866 0.75155
0.8134 0.24845
0.24845 0.1866
0.42156 0.34658
0.55415 0.73064
0.26936 0.55415
0.44585 0.26936
0.49131 0.51481
0.68978 0.6383
0.95905 0.76256
0.76256 0.040954
0.23744 0.95905
0.040954 0.23744
0.34381 0.49573
0.46267 0.52992
0.62739 0.5768
0.7561 0.70472
0.29874 0.72495
0.70126 0.27505
0.27505 0.29874
0.8339 0.90873
0.091272 0.8339
0.84885 0.89467
0.10533 0.84885
0.90873 0.1661
0.89467 0.15115
0.1661 0.091272
0.15115 0.10533
0.46072 0.49883
0.63625 0.71974
0.47851 0.67836
0.32105 0.47827
0.72622 0.58073
0.54254 0.95511
0.044886 0.54254
0.95511 0.45746
0.45746 0.044886
0.90787 0.73119
0.73119 0.092126
0.26881 0.90787
0.092126 0.26881
0.56507 0.4125
0.27622 0.75127
0.72378 0.24873
0.24873 0.27622
0.71118 0.77028
0.52139 0.79562
0.20438 0.52139
0.47861 0.20438
0.79965 0.55835
0.6049 0.667
0.32038 0.82599
0.67962 0.17401
0.17401 0.32038
0.82495 0.51407
0.74069 0.64136
0.56854 0.56118
0.80294 0.70386
0.35681 0.72235
0.64319 0.27765
0.27765 0.35681
0.63399 0.53308
0.59777 0.40977
0.74481 0.9074
0.092603 0.74481
0.9074 0.25519
0.25519 0.092603
0.92686 0.7558
0.7558 0.073136
0.2442 0.92686
0.073136 0.2442
0.7799 0.82674
0.17326 0.7799
0.82674 0.2201
0.2201 0.17326
0.98348 0.10822
0.10822 0.016517
0.88802 0.015457
0.98463 0.88803
0.89178 0.98348
0.016517 0.89178
0.015457 0.11198
0.11198 0.98454
0.39835 0.74098
0.25912 0.39824
0.60165 0.25902
0.48241 0.42673
0.91518 0.79889
0.79889 0.084821
0.20111 0.91518
0.084821 0.20111
0.54441 0.92768
0.07232 0.54441
0.92768 0.45559
0.45559 0.07232
0.70356 0.45633
0.94537 0.59012
0.59012 0.054625
0.40988 0.94537
0.054625 0.40988
0.65892 0.55109
0.28794 0.41673
0.85451 0.93154
0.068463 0.85451
0.93154 0.14549
0.14549 0.068463
0.51742 0.85269
0.14731 0.51742
0.48258 0.14731
0.59259 0.43204
0.82469 0.95534
0.04466 0.82469
0.95534 0.17531
0.17531 0.04466
0.27701 0.96024
0.039761 0.27701
0.96024 0.72299
0.72299 0.039761
0.80316 0.64899
0.61814 0.35408
0.79899 0.91419
0.085808 0.79899
0.91419 0.20101
0.20101 0.085808
0.84593 0.82716
0.17284 0.84593
0.82716 0.15407
0.15407 0.17284
0.85897 0.96096
0.039041 0.85897
0.96096 0.14103
0.14103 0.039041
0.8209 0.67855
0.88875 0.59261
0.59262 0.11127
0.40738 0.88873
0.11127 0.40738
0.59964 0.93593
0.06407 0.59964
0.93593 0.40036
0.40036 0.06407
0.81119 0.069447
0.93055 0.81119
0.069447 0.18881
0.18881 0.93055
0.78492 0.80899
0.19101 0.78492
0.80899 0.21508
0.21508 0.19101
0.53986 0.47237
0.67015 0.62829
0.88123 0.84364
0.84364 0.11877
0.15636 0.88123
0.11877 0.15636
0.5573 0.52617
0.87189 0.82239
0.82239 0.12811
0.17761 0.87189
0.12811 0.17761
0.65214 0.3909
0.92756 0.046872
0.046872 0.072442
0.95573 0.92234
0.072442 0.95313
0.55595 0.68812
0.80995 0.57667
0.86747 0.70846
0.70837 0.13224
0.29163 0.86776
0.13224 0.29163
0.35212 0.60782
0.5902 0.72904
0.7082 0.66634
0.36881 0.73615
0.63119 0.26385
0.26385 0.36881
0.74633 0.76167
0.23814 0.7467
0.76186 0.2533
0.2533 0.23814
0.79261 0.84181
0.15819 0.79261
0.84181 0.20739
0.20739 0.15819
0.23103 0.71086
0.76897 0.28914
0.28914 0.23103
0.75219 0.72448
0.73693 0.49504
0.92067 0.10095
0.10095 0.079331
0.89903 0.92067
0.079331 0.89905
0.57055 0.65779
0.73942 0.68939
0.66477 0.51984
0.38585 0.61726
0.62934 0.86598
0.13402 0.62934
0.86618 0.3693
0.37066 0.13402
0.29253 0.66418
0.70713 0.33566
0.33582 0.29253
0.33536 0.6557
0.34548 0.33653
0.5031 0.62698
0.72183 0.9337
0.066297 0.72183
0.9337 0.27817
0.27817 0.066297
0.82494 0.47257
0.52768 0.90383
0.096168 0.52768
0.90383 0.47232
0.47232 0.096168
0.41573 0.78477
0.21523 0.41573
0.58427 0.21523
0.66491 0.34377
0.53705 0.73078
0.26948 0.53725
0.46303 0.26964
0.60894 0.70033
0.83947 0.78956
0.21044 0.83947
0.78956 0.16053
0.16053 0.21044
0.60244 0.54803
0.76363 0.9599
0.040104 0.76363
0.9599 0.23637
0.23637 0.040104
0.4552 0.37372
0.28946 0.78035
0.71054 0.21965
0.21965 0.28946
0.56362 0.75554
0.24494 0.56244
0.43756 0.24494
0.65988 0.92767
0.072326 0.65988
0.92767 0.34012
0.34012 0.072326
0.85859 0.039501
0.9605 0.85859
0.039501 0.14141
0.14141 0.9605
0.79935 0.62725
0.51865 0.52182
0.87809 0.070289
0.92978 0.87716
0.070289 0.12191
0.12191 0.92971
0.44847 0.30025
0.5131 0.41483
0.30244 0.55328
0.67925 0.50514
0.64972 0.76784
0.83885 0.58419
0.33311 0.36707
0.68216 0.9468
0.053204 0.68216
0.9468 0.31784
0.31784 0.053204
0.23942 0.5941
0.40511 0.23721
0.98288 0.16443
0.16443 0.017118
0.83557 0.98288
0.017118 0.83557
0.83557 0.017118
0.98288 0.83557
0.017118 0.16443
0.16443 0.98288
0.62621 0.67536
0.63532 0.80084
0.89321 0.57553
0.57565 0.10644
0.42435 0.89356
0.10644 0.42435
0.82327 0.8722
0.1278 0.82327
0.8722 0.17673
0.17673 0.1278
0.78454 0.7308
0.7578 0.46638
0.73694 0.44428
0.53721 0.58843
0.78239 0.92108
0.078925 0.78239
0.92108 0.21761
0.21761 0.078925
0.94744 0.039182
0.039182 0.052563
0.94816 0.96187
0.03862 0.94757
0.68768 0.5407
0.37922 0.68103
0.62067 0.31878
0.83747 0.68789
0.61657 0.87753
0.12247 0.61657
0.87602 0.39713
0.38343 0.12247
0.70828 0.63419
0.76295 0.61535
0.3526 0.43978
0.96498 0.56186
0.56186 0.035015
0.43814 0.96498
0.035015 0.43814
0.88217 0.099416
0.90058 0.88217
0.099416 0.11783
0.11783 0.90058
0.5371 0.43521
0.96519 0.54085
0.54085 0.034809
0.45915 0.96519
0.034809 0.45915
0.40762 0.59257
0.82454 0.041469
0.95853 0.82454
0.041469 0.17546
0.17546 0.95853
0.93804 0.72295
0.72295 0.061957
0.27705 0.93804
0.061957 0.27705
0.78621 0.71149
0.58044 0.52481
0.39544 0.48522
0.36288 0.49458
0.6715 0.98138
0.018619 0.6715
0.98138 0.3285
0.3285 0.018619
0.79311 0.51171
0.76529 0.75771
0.95411 0.61898
0.61898 0.045893
0.38102 0.95411
0.045893 0.38102
0.49575 0.85765
0.14235 0.49575
0.85863 0.50437
0.50425 0.14235
0.70985 0.82489
0.17451 0.7106
0.82549 0.2894
0.2894 0.17451
0.66601 0.71914
0.75984 0.66688
0.53555 0.48981
0.45948 0.32571
0.28567 0.6926
0.71435 0.30741
0.3074 0.28567
0.67009 0.53627
0.74268 0.77987
0.21987 0.74265
0.78013 0.25735
0.25735 0.21987
0.92539 0.59104
0.59104 0.074614
0.40896 0.92539
0.074614 0.40896
0.57175 0.87671
0.12329 0.57175
0.87518 0.42814
0.42825 0.12329
0.46209 0.79426
0.20574 0.46209
0.53791 0.20576
0.4203 0.83661
0.5797 0.16339
0.16339 0.4203
0.51838 0.88413
0.11587 0.51838
0.88429 0.48154
0.48162 0.11587
0.85449 0.7603
0.23971 0.85448
0.76029 0.14552
0.14552 0.23971
0.77765 0.58229
0.52609 0.71405
0.28595 0.52607
0.47301 0.2843
0.79811 0.52838
0.84539 0.51925
0.75969 0.54887
0.70634 0.48487
0.36403 0.82843
0.63597 0.17157
0.17157 0.36403
0.2214 0.62933
0.77882 0.37059
0.37067 0.2214
0.60585 0.45911
0.689 0.69622
0.80082 0.76217
0.23786 0.80072
0.76214 0.19928
0.19928 0.23786
0.58254 0.38437
0.39112 0.014463
0.98554 0.39112
0.014463 0.60888
0.60888 0.98554
0.72771 0.87046
0.12954 0.72771
0.87046 0.27229
0.27229 0.12954
0.2699 0.78398
0.7301 0.21602
0.21602 0.2699
0.4331 0.67968
0.47491 0.58532
0.92157 0.64718
0.64719 0.078449
0.35281 0.92155
0.078449 0.35281
0.81642 0.73506
0.35813 0.70164
0.64187 0.29837
0.29831 0.35813
0.3789 0.41623
0.91383 0.57396
0.42604 0.91383
0.57396 0.086168
0.086168 0.42604
0.33715 0.62487
0.44656 0.40113
0.49896 0.65841
0.85937 0.58477
0.41594 0.85894
0.58406 0.14106
0.14106 0.41594
0.3774 0.8122
0.1878 0.3774
0.6226 0.1878
0.38024 0.44255
0.81895 0.81496
0.18504 0.81895
0.81496 0.18105
0.18105 0.18504
0.34577 0.63934
0.37278 0.65029
0.24057 0.66329
0.76051 0.33679
0.33671 0.24057
0.50999 0.015077
0.98492 0.50999
0.015077 0.49001
0.49001 0.98492
0.64709 0.51788
0.24202 0.76529
0.75798 0.23471
0.23471 0.24202
0.38928 0.35881
0.38764 0.78519
0.61236 0.21481
0.21481 0.38764
0.31087 0.63812
0.36153 0.31011
0.50129 0.88583
0.11417 0.50129
0.88591 0.49873
0.49871 0.11417
0.89005 0.085921
0.085921 0.10995
0.91408 0.89
0.10995 0.91408
0.41928 0.36798
0.57118 0.98512
0.014876 0.57118
0.98512 0.42882
0.42882 0.014876
0.34267 0.56613
0.85415 0.48281
0.63364 0.46821
0.49107 0.60943
0.5531 0.85669
0.14331 0.5531
0.4469 0.14331
0.69618 0.51322
0.72826 0.52365
0.81194 0.8317
0.1683 0.81194
0.8317 0.18806
0.18806 0.1683
0.53479 0.41677
0.80599 0.59236
0.75194 0.93313
0.066869 0.75194
0.93313 0.24806
0.24806 0.066869
0.73575 0.72908
0.61086 0.51412
0.57292 0.47632
0.66367 0.37441
0.65456 0.36043
0.72773 0.39132
0.96266 0.69806
0.69806 0.03734
0.30194 0.96266
0.03734 0.30194
0.37345 0.33561
0.35936 0.34408
0.50279 0.72467
0.27533 0.50279
0.69004 0.36276
0.4025 0.3739
0.92589 0.83201
0.83201 0.074107
0.074107 0.16799
0.16799 0.92589
0.79216 0.46608
0.28008 0.63932
0.36096 0.27987
0.41149 0.26837
0.95372 0.11955
0.11955 0.04628
0.88045 0.95372
0.04628 0.88045
0.93004 0.070799
0.070799 0.069961
0.9286 0.93034
0.069995 0.9292
0.98676 0.07
0.07 0.013238
0.92915 0.015007
0.98564 0.92946
0.93 0.98676
0.015007 0.07085
0.013238 0.93
0.070734 0.98488
0.73178 0.96426
0.035737 0.73178
0.96426 0.26822
0.26822 0.035737
0.328 0.71219
0.672 0.28781
0.28781 0.328
0.70754 0.38549
0.44715 0.63325
0.87469 0.61967
0.38036 0.8756
0.1244 0.38036
0.61964 0.1244
0.50872 0.36155
0.40711 0.51948
0.78985 0.67573
0.931 0.67918
0.67918 0.069002
0.32082 0.931
0.069002 0.32082
0.54795 0.8039
0.19651 0.54794
0.45206 0.19651
0.77363 0.68303
0.36395 0.66742
0.72251 0.71546
0.66869 0.40828
0.5582 0.3674
0.63643 0.33168
0.50921 0.7414
0.2586 0.50921
0.49079 0.2586
0.31748 0.38031
0.83855 0.842
0.158 0.83855
0.842 0.16145
0.16145 0.158
0.481 0.83295
0.16705 0.481
0.519 0.16705
0.43986 0.64929
0.41386 0.30657
0.26516 0.81613
0.73484 0.18387
0.18387 0.26516
0.43134 0.79208
0.20792 0.43134
0.56866 0.20793
0.37021 0.62188
0.47802 0.31525
0.41696 0.71603
0.58229 0.28444
0.45391 0.90979
0.090213 0.45391
0.90893 0.54545
0.54609 0.090213
0.91109 0.68801
0.68801 0.088908
0.31199 0.91109
0.088908 0.31199
0.33751 0.40027
0.26186 0.5884
0.93625 0.54685
0.45315 0.93625
0.063755 0.45315
0.54685 0.063755
0.6658 0.86661
0.65562 0.85372
0.13339 0.6658
0.1457 0.65645
0.86661 0.33419
0.85398 0.34416
0.3342 0.13339
0.34355 0.1457
0.60261 0.81038
0.18983 0.60243
0.39757 0.18983
0.43687 0.5344
0.46535 0.85353
0.14647 0.46535
0.53465 0.14647
0.74795 0.98625
0.013749 0.74795
0.98625 0.25205
0.25205 0.013749
0.47156 0.87724
0.12276 0.47156
0.8804 0.52796
0.52844 0.12276
0.72741 0.36116
0.43156 0.31959
0.34939 0.53362
0.8573 0.090541
0.90946 0.8573
0.090541 0.1427
0.1427 0.90946
0.63407 0.38041
0.25699 0.69011
0.74311 0.30984
0.30989 0.25699
0.40145 0.81027
0.18973 0.40145
0.59855 0.18973
0.76452 0.49457
0.55051 0.55645
0.30645 0.83635
0.69355 0.16365
0.16365 0.30645
0.48822 0.95389
0.046107 0.48822
0.95389 0.51178
0.51178 0.046107
0.83543 0.6519
0.47944 0.92819
0.071814 0.47944
0.92819 0.52056
0.52056 0.071814
0.19911 0.63229
0.8006 0.36743
0.36771 0.19911
0.74815 0.4335
0.98668 0.12764
0.12764 0.013321
0.87236 0.98668
0.013321 0.87236
0.87185 0.012754
0.98726 0.87185
0.012754 0.12815
0.12815 0.98725
0.80463 0.68622
0.74357 0.52633
0.32226 0.77345
0.67774 0.22655
0.32098 0.79361
0.67902 0.20639
0.22655 0.32226
0.20639 0.32098
0.6051 0.72688
0.92722 0.62014
0.37986 0.92722
0.62014 0.072782
0.072782 0.37986
0.50183 0.76628
0.23372 0.50183
0.49765 0.2343
0.77175 0.69947
0.68307 0.5972
0.88266 0.64858
0.64815 0.12087
0.35185 0.87913
0.12087 0.35185
0.77316 0.01471
0.98529 0.77316
0.01471 0.22684
0.22684 0.98529
0.63643 0.36438
0.65806 0.6776
0.61421 0.38425
0.44455 0.76648
0.23338 0.44441
0.55547 0.23358
0.42892 0.39628
0.75562 0.79633
0.20295 0.75558
0.79705 0.24442
0.24442 0.20295
0.53571 0.38891
0.32153 0.39805
0.85087 0.5367
0.67984 0.89646
0.10354 0.67984
0.89646 0.32013
0.32016 0.10354
0.70718 0.36953
0.49846 0.46438
0.82129 0.76447
0.23553 0.82128
0.76447 0.17872
0.17872 0.23553
0.94211 0.094327
0.094327 0.057889
0.90567 0.94211
0.057889 0.90567
0.44161 0.34589
0.53597 0.65466
0.3835 0.90284
0.097159 0.3835
0.90281 0.6167
0.6165 0.097159
0.9609 0.66283
0.66283 0.039105
0.33717 0.9609
0.039105 0.33717
0.62625 0.43134
0.50624 0.59546
0.34895 0.38738
0.62372 0.78126
0.81583 0.39879
0.43618 0.86468
0.86468 0.56382
0.13532 0.43618
0.56382 0.13532
0.8319 0.62974
0.57341 0.86252
0.13748 0.57341
0.86076 0.42568
0.42659 0.13748
0.62032 0.15874
0.37968 0.84126
0.15874 0.37968
0.41513 0.47265
0.3395 0.72594
0.6605 0.27406
0.27406 0.3395
0.34749 0.83793
0.65251 0.16207
0.16207 0.34749
0.58238 0.40192
0.55388 0.44598
0.40565 0.34087
0.27996 0.85045
0.72004 0.14955
0.14955 0.27996
0.7115 0.85629
0.14371 0.7115
0.85629 0.2885
0.2885 0.14371
0.86459 0.8859
0.1141 0.86459
0.8859 0.13541
0.13541 0.1141
0.73592 0.83899
0.16101 0.73592
0.83899 0.26408
0.26408 0.16101
0.64528 0.90193
0.098067 0.64528
0.9019 0.35441
0.35472 0.098067
0.57641 0.68246
0.7292 0.61658
0.38209 0.473
0.43426 0.80946
0.19054 0.43426
0.56574 0.19054
0.68375 0.45984
0.48627 0.53347
0.60674 0.6489
0.37645 0.9853
0.014697 0.37645
0.9853 0.62355
0.62355 0.014697
0.52292 0.60176
0.81646 0.62138
0.58721 0.83666
0.16334 0.58721
0.41279 0.16334
0.31387 0.81042
0.68613 0.18958
0.18958 0.31387
0.90026 0.71602
0.71602 0.099738
0.28398 0.90026
0.099738 0.28398
0.54285 0.62469
0.68619 0.84969
0.15031 0.68619
0.84969 0.31381
0.31381 0.15031
0.90209 0.056218
0.056218 0.097909
0.94378 0.90209
0.097909 0.94378
0.3682 0.55356
0.85044 0.72021
0.69659 0.58281
0.315 0.57905
0.51412 0.49296
0.33736 0.59407
0.67446 0.01476
0.98524 0.67446
0.01476 0.32554
0.32554 0.98524
0.55586 0.98598
0.014022 0.55586
0.98598 0.44414
0.44414 0.014022
0.61688 0.7519
0.82259 0.8443
0.1557 0.82259
0.8443 0.17741
0.17741 0.1557
0.39535 0.75799
0.24202 0.39534
0.60465 0.24201
0.93525 0.70627
0.70627 0.064748
0.29373 0.93525
0.064748 0.29373
0.41844 0.606
0.38064 0.54049
0.52943 0.74656
0.25345 0.52944
0.47066 0.25362
0.65028 0.012325
0.98767 0.65028
0.012325 0.34972
0.34972 0.98767
0.25543 0.98513
0.014866 0.25543
0.98513 0.74457
0.74457 0.014866
0.77149 0.63241
0.49027 0.48773
0.71162 0.58726
0.42486 0.49054
0.86063 0.069944
0.93006 0.86063
0.069944 0.13937
0.13937 0.93006
0.71352 0.55491
0.41968 0.62348
0.88522 0.80988
0.80988 0.11478
0.19012 0.88522
0.11478 0.19012
0.45591 0.51271
0.65222 0.98643
0.013574 0.65222
0.98643 0.34778
0.34778 0.013574
0.28167 0.73192
0.71833 0.26808
0.26808 0.28167
0.6054 0.95495
0.62486 0.95762
0.045047 0.6054
0.042376 0.62486
0.95495 0.3946
0.95762 0.37514
0.3946 0.045047
0.37514 0.042376
0.7832 0.98469
0.015311 0.7832
0.98469 0.2168
0.2168 0.015311
0.83787 0.41306
0.63919 0.61892
0.36346 0.4139
0.47598 0.70783
0.2921 0.47608
0.77471 0.38872
0.46283 0.44843
0.73969 0.41545
0.73895 0.62602
0.30823 0.71183
0.69179 0.28817
0.28817 0.30823
0.41448 0.98544
0.014556 0.41448
0.98544 0.58552
0.58552 0.014556
0.39028 0.64621
0.50401 0.544
0.48113 0.84696
0.15304 0.48113
0.51887 0.15304
0.76768 0.45565
0.58105 0.96886
0.031143 0.58105
0.96886 0.41895
0.41895 0.031143
0.37279 0.50404
0.73332 0.81042
0.18958 0.73406
0.81042 0.26594
0.26594 0.18958
0.43806 0.93859
0.06141 0.43806
0.93859 0.56194
0.56194 0.06141
0.57639 0.80352
0.20802 0.57831
0.42169 0.20802
0.65095 0.81556
0.63463 0.44728
0.53191 0.82735
0.17264 0.53192
0.46808 0.17264
0.81552 0.85952
0.14048 0.81552
0.85952 0.18448
0.18448 0.14048
0.49496 0.90072
0.099279 0.49496
0.90091 0.50551
0.50504 0.099279
0.2416 0.63424
0.75765 0.36482
0.3662 0.24082
0.62946 0.56151
0.41638 0.76982
0.23018 0.41638
0.58362 0.23018
0.64239 0.13852
0.35761 0.86148
0.13852 0.35761
0.58848 0.35731
0.82641 0.54818
0.96251 0.080302
0.080302 0.037488
0.9197 0.96251
0.93353 0.95598
0.037488 0.9197
0.043971 0.93346
0.91942 0.031561
0.031561 0.080578
0.079794 0.96876
0.014271 0.62513
0.62513 0.98573
0.37487 0.014271
0.98573 0.37487
0.48833 0.36501
0.4924 0.01246
0.98754 0.4924
0.01246 0.5076
0.5076 0.98754
0.57825 0.71685
0.807 0.7897
0.2103 0.807
0.7897 0.193
0.193 0.2103
0.28589 0.57773
0.54629 0.87421
0.12579 0.54629
0.8744 0.45553
0.85812 0.4526
0.45371 0.12579
0.27029 0.60777
0.90102 0.81519
0.81519 0.098978
0.18481 0.90102
0.098978 0.18481
0.96307 0.63176
0.63176 0.036928
0.36824 0.96307
0.036928 0.36824
0.60294 0.87059
0.12941 0.60294
0.87625 0.3811
0.39706 0.12941
0.98576 0.03427
0.96573 0.01424
0.03427 0.01424
0.01424 0.03427
0.98576 0.96573
0.96573 0.98576
0.03427 0.98576
0.01424 0.96573
0.80867 0.50458
0.75615 0.38916
0.55543 0.46563
0.54741 0.53974
0.76933 0.85881
0.14119 0.76933
0.85881 0.23067
0.23067 0.14119
0.48933 0.87396
0.87396 0.51067
0.12604 0.48933
0.51067 0.12604
0.68507 0.43165
0.6417 0.83073
0.16891 0.64353
0.18024 0.65385
0.83114 0.35649
0.81976 0.34615
0.35647 0.16891
0.34615 0.18024
0.36327 0.6374
0.77189 0.54104
0.81628 0.90183
0.098171 0.81628
0.90183 0.18372
0.18372 0.098171
0.8452 0.95027
0.049735 0.8452
0.95027 0.1548
0.1548 0.049735
0.30907 0.67159
0.32841 0.30908
0.73839 0.67183
0.8411 0.92306
0.076938 0.8411
0.92306 0.1589
0.1589 0.076938
0.43418 0.4591
0.81325 0.88626
0.11374 0.81325
0.88626 0.18675
0.18675 0.11374
0.38736 0.42844
0.52139 0.44429
0.30245 0.69531
0.68487 0.31504
0.30469 0.30245
0.37935 0.56733
0.20767 0.6019
0.3981 0.20767
0.66945 0.9615
0.038495 0.66945
0.9615 0.33055
0.33055 0.038495
0.90578 0.11431
0.88569 0.90578
0.11431 0.09422
0.09422 0.88569
0.44575 0.47102
0.40169 0.79256
0.20744 0.40169
0.59831 0.20744
0.37235 0.3671
0.61141 0.8467
0.1533 0.61141
0.8467 0.38859
0.38859 0.1533
0.40624 0.45254
0.60937 0.90335
0.096648 0.60937
0.90479 0.38976
0.39063 0.096648
0.79192 0.96415
0.035851 0.79192
0.96415 0.20808
0.20808 0.035851
0.96475 0.79147
0.79147 0.035251
0.20853 0.96475
0.035251 0.20853
0.78849 0.65637
0.63134 0.76502
0.68391 0.78486
0.68208 0.72427
0.69339 0.71338
0.73073 0.48033
0.81816 0.5297
0.87475 0.73326
0.73326 0.12526
0.26674 0.87474
0.12526 0.26674
0.55575 0.95864
0.041355 0.55575
0.95864 0.44425
0.44425 0.041355
0.4457 0.3152
0.26783 0.73802
0.73217 0.26198
0.26198 0.26783
0.53293 0.80804
0.19165 0.53147
0.46853 0.19165
0.70049 0.52914
0.71053 0.91477
0.085231 0.71053
0.91477 0.28947
0.28947 0.085231
0.8185 0.60497
0.69795 0.30478
0.24144 0.6096
0.39026 0.24097
0.48996 0.66994
0.21681 0.68759
0.78319 0.31241
0.31241 0.21681
0.70071 0.96312
0.036882 0.70071
0.96312 0.29929
0.29929 0.036882
0.69189 0.93378
0.066216 0.69189
0.93378 0.30811
0.30811 0.066216
0.48822 0.28287
0.43673 0.73828
0.2612 0.4369
0.56254 0.26108
0.51479 0.34514
0.19135 0.98921
0.010792 0.19135
0.80865 0.010792
0.98921 0.80865
0.80928 0.98866
0.011336 0.80928
0.19072 0.011336
0.98866 0.19072
0.88432 0.70216
0.70213 0.11529
0.29787 0.88471
0.11529 0.29787
0.83421 0.60081
0.80232 0.94256
0.057442 0.80232
0.80788 0.92757
0.072429 0.80788
0.94256 0.19768
0.19768 0.057442
0.92757 0.19212
0.19212 0.072429
0.50712 0.68702
0.31315 0.50738
0.53346 0.27549
0.47147 0.64876
0.7555 0.59862
0.86125 0.63415
0.54656 0.32398
0.74606 0.54728
0.9689 0.1074
0.1074 0.0311
0.89261 0.96891
0.031092 0.89261
0.88983 0.033271
0.96736 0.88962
0.033271 0.11017
0.11017 0.96673
0.38806 0.70691
0.612 0.29301
0.29281 0.38775
0.38424 0.73193
0.61576 0.26807
0.26833 0.38386
0.53468 0.37239
0.64152 0.66579
0.62493 0.85132
0.14884 0.62522
0.85128 0.37484
0.37478 0.14884
0.57971 0.3091
0.69066 0.32854
0.57333 0.62556
0.36455 0.45027
0.39642 0.83512
0.16488 0.39642
0.60358 0.16488
0.66001 0.64693
0.76484 0.83107
0.16893 0.76484
0.83107 0.23516
0.23516 0.16893
0.39077 0.45572
0.21721 0.70568
0.78279 0.29432
0.29432 0.21721
0.95561 0.066454
0.066454 0.04439
0.84202 0.61723
0.74129 0.5747
0.5867 0.61153
0.59616 0.57833
0.4193 0.81808
0.18192 0.4193
0.58071 0.18192
0.47423 0.61687
0.63428 0.64878
0.4853 0.50174
0.39647 0.56361
0.83735 0.86992
0.13008 0.83735
0.86992 0.16265
0.16265 0.13008
0.29 0.98909
0.010905 0.29
0.98909 0.71
0.71 0.010905
0.82303 0.78098
0.21902 0.82303
0.78098 0.17697
0.17697 0.21902
0.55515 0.63363
0.6538 0.95915
0.040851 0.6538
0.95915 0.3462
0.3462 0.040851
0.64397 0.69984
0.52522 0.64498
0.88493 0.6792
0.67912 0.11475
0.32088 0.88525
0.11475 0.32088
0.50486 0.82591
0.17409 0.50486
0.49514 0.17409
0.63083 0.94398
0.056022 0.63083
0.94398 0.36916
0.36917 0.056022
0.57876 0.91969
0.080313 0.57876
0.91973 0.42126
0.42124 0.080313
0.47076 0.47717
0.47604 0.38222
0.69097 0.73977
0.32946 0.48959
0.77408 0.88505
0.11495 0.77408
0.88505 0.22592
0.22592 0.11495
0.70323 0.88213
0.11787 0.70323
0.88213 0.29677
0.29677 0.11787
0.36103 0.52392
0.58181 0.44848
0.50768 0.7933
0.2067 0.50768
0.49232 0.2067
0.85515 0.79877
0.20123 0.85515
0.79877 0.14485
0.14485 0.20123
0.48692 0.33784
0.39673 0.90041
0.099588 0.39673
0.90041 0.60331
0.60327 0.099588
0.50852 0.5103
0.28017 0.71314
0.71984 0.28686
0.28686 0.28017
0.46203 0.55031
0.51799 0.5717
0.56061 0.34975
0.87585 0.9343
0.0657 0.87585
0.9343 0.12415
0.12415 0.0657
0.65701 0.42484
0.26104 0.71154
0.73896 0.28846
0.28846 0.26104
0.94294 0.80403
0.80403 0.057065
0.19597 0.94294
0.057065 0.19597
0.67905 0.76797
0.34576 0.37489
0.36516 0.39233
0.87466 0.042501
0.95747 0.87447
0.042501 0.12534
0.12534 0.9575
0.44375 0.55519
0.47052 0.823
0.177 0.47052
0.52948 0.177
0.33225 0.4267
0.79734 0.77827
0.22171 0.79734
0.77829 0.20266
0.20266 0.22171
0.57238 0.33394
0.58773 0.33833
0.75425 0.64727
0.85746 0.81693
0.18307 0.85746
0.81693 0.14254
0.14254 0.18307
0.77933 0.93647
0.063531 0.77933
0.93647 0.22067
0.22067 0.063531
0.31516 0.68518
0.31483 0.31519
0.93671 0.7795
0.7795 0.063286
0.2205 0.93671
0.063286 0.2205
0.29616 0.40415
0.88369 0.86291
0.86291 0.11631
0.13709 0.88369
0.11631 0.13709
0.82702 0.92827
0.071735 0.82702
0.92827 0.17298
0.17298 0.071735
0.70952 0.74001
0.89188 0.38265
0.70874 0.50327
0.70219 0.78163
0.86565 0.91916
0.080838 0.86565
0.91916 0.13435
0.13435 0.080838
0.73039 0.45768
0.83162 0.4327
0.80022 0.86017
0.13983 0.80022
0.86017 0.19978
0.19978 0.13983
0.56232 0.38232
0.49826 0.27302
0.75099 0.49956
0.31676 0.54667
0.89063 0.77034
0.22966 0.89063
0.77034 0.10937
0.10937 0.22966
0.71601 0.7562
0.50201 0.33268
0.84881 0.65936
0.48742 0.57497
0.7246 0.50735
0.47948 0.35301
0.23159 0.68078
0.76859 0.31924
0.31922 0.23159
0.56429 0.74113
0.25803 0.56391
0.43555 0.25924
0.4074 0.68935
0.59981 0.79517
0.55802 0.29847
0.58547 0.78989
0.62641 0.50225
0.57294 0.83012
0.16982 0.57302
0.42698 0.16982
0.78244 0.43494
0.56829 0.93533
0.064674 0.56829
0.93533 0.43171
0.43171 0.064674
0.28833 0.76104
0.71167 0.23896
0.23896 0.28833
0.59224 0.92332
0.076679 0.59224
0.92344 0.40779
0.40776 0.076679
0.68173 0.15415
0.31827 0.84585
0.15415 0.31827
0.61981 0.6429
0.58919 0.94576
0.054239 0.58919
0.94576 0.41081
0.41081 0.054239
0.56165 0.49949
0.48687 0.77571
0.22429 0.48687
0.51337 0.22498
0.24062 0.69279
0.75938 0.30721
0.30721 0.24062
0.8545 0.43835
0.18851 0.68185
0.81149 0.31815
0.31815 0.18851
0.79257 0.41983
0.80622 0.42258
0.70978 0.69278
0.19515 0.57619
0.42381 0.19515
0.61804 0.89275
0.10725 0.61804
0.38196 0.10725
0.70854 0.72138
0.78892 0.60957
0.71644 0.53531
0.59364 0.31222
0.65495 0.78326
0.43122 0.33395
0.51178 0.46675
0.45488 0.33951
0.86824 0.78957
0.21043 0.86824
0.78957 0.13176
0.13176 0.21043
0.67757 0.37292
0.40115 0.029186
0.97081 0.40115
0.59885 0.97081
0.029186 0.59885
0.55272 0.70344
0.39459 0.63023
0.21718 0.59114
0.40873 0.21681
0.44007 0.5913
0.24408 0.71796
0.75592 0.28204
0.28204 0.24408
0.86863 0.10325
0.89675 0.86863
0.10325 0.13137
0.13137 0.89675
0.44936 0.44118
0.22059 0.65483
0.77949 0.34518
0.34517 0.22059
0.38894 0.98841
0.01159 0.38894
0.98841 0.61106
0.61106 0.01159
0.40644 0.53872
0.49652 0.75184
0.24816 0.49652
0.50335 0.24892
0.30708 0.60845
0.97066 0.91978
0.71 0.98996
0.01004 0.71
0.98996 0.29
0.29 0.01004
0.39426 0.54649
0.33422 0.55347
0.70166 0.81072
0.18744 0.70168
0.81256 0.29832
0.29832 0.18744
0.46674 0.29899
0.98993 0.010072
0.010072 0.010072
0.98994 0.98994
0.010044 0.98996
