0 0
1 0
1 1
0 1
0.1 0
0.2 0
0.3 0
0.4 0
0.5 0
0.6 0
0.7 0
0.8 0
0.9 0
1 0.1
1 0.2
1 0.3
1 0.4
1 0.5
1 0.6
1 0.7
1 0.8
1 0.9
0.9 1
0.8 1
0.7 1
0.6 1
0.5 1
0.4 1
0.3 1
0.2 1
0.1 1
0 0.9
0 0.8
0 0.7
0 0.6
0 0.5
0 0.4
0 0.3
0 0.2
0 0.1
0.5 0.5
0.70714 0.70714
0.29286 0.70714
0.70714 0.29286
0.29286 0.29286
0.497 0.78488
0.21512 0.497
0.78488 0.503
0.503 0.21512
0.8295 0.8295
0.1705 0.8295
0.8295 0.1705
0.1705 0.1705
0.64071 0.84887
0.15113 0.64071
0.35921 0.84818
0.84818 0.64079
0.84887 0.35929
0.15182 0.35921
0.35929 0.15113
0.64079 0.15182
0.56699 0.64016
0.36394 0.57201
0.64016 0.43301
0.43177 0.35643
0.43159 0.65953
0.66617 0.5587
0.34574 0.43453
0.5587 0.33383
0.46047 0.89032
0.10968 0.46047
0.89032 0.53953
0.53953 0.10968
0.73907 0.90233
0.097665 0.73907
0.90233 0.26093
0.26093 0.097665
0.90056 0.7403
0.2597 0.90056
0.7403 0.099441
0.099441 0.2597
0.60412 0.74528
0.25575 0.60778
0.74528 0.39588
0.39588 0.25472
0.39341 0.74648
0.74731 0.60538
0.25418 0.39377
0.60538 0.25269
0.90012 0.90012
0.099878 0.90012
0.90012 0.099878
0.099878 0.099878
0.56908 0.91678
0.083221 0.56908
0.91678 0.43092
0.43092 0.083221
0.79341 0.72073
0.27907 0.79327
0.72073 0.20659
0.20683 0.27913
0.72779 0.80127
0.19873 0.72779
0.80127 0.27221
0.27221 0.19873
0.48719 0.58935
0.58033 0.54112
0.40968 0.49114
0.55492 0.4268
0.65023 0.64002
0.35386 0.65437
0.6425 0.34805
0.34702 0.35463
0.64977 0.9336
0.066404 0.64977
0.9336 0.35023
0.35023 0.066404
0.92781 0.64413
0.64413 0.072188
0.35587 0.92781
0.072188 0.35587
0.8201 0.92003
0.079971 0.8201
0.92003 0.1799
0.1799 0.079971
0.92003 0.8201
0.8201 0.079971
0.1799 0.92003
0.079971 0.1799
0.50772 0.69851
0.3021 0.50869
0.71224 0.49542
0.49524 0.28727
0.55428 0.83723
0.16688 0.55907
0.83723 0.44572
0.44572 0.16277
0.42752 0.81747
0.1827 0.42761
0.81767 0.57218
0.57218 0.18233
0.46102 0.43254
