142 69 109 1
2 14 92 1
1 5 93 1
3 23 90 1
4 32 91 1
2 92 13 1
1 93 40 1
3 90 22 1
4 91 31 1
65 69 142 1
66 130 86 1
67 132 87 1
68 131 88 1
69 133 89 1
63 108 106 1
63 106 66 1
64 107 109 1
64 67 107 1
130 46 86 1
131 47 88 1
132 48 87 1
133 49 89 1
55 83 103 1
54 82 102 1
60 85 105 1
58 84 104 1
43 103 83 1
42 102 82 1
45 105 85 1
44 104 84 1
57 98 87 1
56 99 86 1
61 100 89 1
59 101 88 1
65 142 68 1
27 28 70 1
36 37 71 1
18 19 72 1
9 10 73 1
19 118 72 1
10 119 73 1
28 120 70 1
37 121 71 1
64 132 67 1
65 133 69 1
42 87 98 1
43 86 99 1
44 89 100 1
45 88 101 1
63 66 111 1
65 68 113 1
68 142 108 1
41 106 108 1
41 109 107 1
57 72 118 1
61 73 119 1
56 70 120 1
59 71 121 1
24 25 74 1
33 34 75 1
15 16 76 1
6 7 77 1
20 21 78 1
11 12 80 1
29 30 79 1
38 39 81 1
27 70 94 1
36 71 95 1
18 72 96 1
9 73 97 1
57 78 98 1
56 79 99 1
61 80 100 1
59 81 101 1
46 134 70 1
47 135 71 1
48 136 72 1
49 137 73 1
62 110 82 1
63 111 83 1
64 112 84 1
65 113 85 1
50 74 102 1
51 75 103 1
52 76 104 1
53 77 105 1
42 82 110 1
43 83 111 1
44 84 112 1
45 85 113 1
62 107 110 1
67 110 107 1
64 109 112 1
69 112 109 1
26 27 94 1
35 36 95 1
17 18 96 1
8 9 97 1
46 138 86 1
48 140 87 1
47 139 88 1
49 141 89 1
24 74 122 1
33 75 123 1
15 76 124 1
6 77 125 1
21 126 78 1
12 127 80 1
30 128 79 1
39 129 81 1
55 103 75 1
54 102 74 1
60 105 77 1
58 104 76 1
50 98 78 1
51 99 79 1
52 100 80 1
53 101 81 1
14 15 124 1
23 24 122 1
5 6 125 1
32 33 123 1
21 22 126 1
12 13 127 1
30 31 128 1
39 40 129 1
70 134 94 1
71 135 95 1
72 136 96 1
73 137 97 1
14 124 92 1
5 125 93 1
23 122 90 1
32 123 91 1
22 90 126 1
13 92 127 1
31 91 128 1
40 93 129 1
50 102 98 1
51 103 99 1
52 104 100 1
53 105 101 1
62 82 130 1
63 83 131 1
64 84 132 1
65 85 133 1
46 70 138 1
47 71 139 1
56 138 70 1
59 139 71 1
48 72 140 1
49 73 141 1
57 140 72 1
61 141 73 1
25 114 74 1
34 115 75 1
56 120 79 1
54 74 114 1
55 75 115 1
57 118 78 1
59 121 81 1
61 119 80 1
29 79 120 1
20 78 118 1
38 81 121 1
11 80 119 1
16 116 76 1
7 117 77 1
58 76 116 1
60 77 117 1
46 130 82 1
47 131 83 1
48 132 84 1
49 133 85 1
62 130 106 1
66 106 130 1
63 131 108 1
68 108 131 1
50 122 74 1
51 123 75 1
50 78 126 1
52 124 76 1
51 79 128 1
53 125 77 1
52 80 127 1
53 81 129 1
54 134 82 1
46 82 134 1
55 135 83 1
47 83 135 1
48 84 136 1
58 136 84 1
60 137 85 1
49 85 137 1
66 86 111 1
43 111 86 1
67 87 110 1
42 110 87 1
68 88 113 1
69 89 112 1
45 113 88 1
44 112 89 1
42 98 102 1
43 99 103 1
44 100 104 1
45 101 105 1
50 90 122 1
51 91 123 1
50 126 90 1
51 128 91 1
52 92 124 1
52 127 92 1
53 93 125 1
53 129 93 1
41 107 106 1
62 106 107 1
26 94 114 1
35 95 115 1
54 114 94 1
55 115 95 1
17 96 116 1
8 97 117 1
58 116 96 1
60 117 97 1
25 26 114 1
34 35 115 1
16 17 116 1
7 8 117 1
19 20 118 1
10 11 119 1
28 29 120 1
37 38 121 1
56 86 138 1
57 87 140 1
59 88 139 1
61 89 141 1
54 94 134 1
55 95 135 1
58 96 136 1
60 97 137 1
41 142 109 1
41 108 142 1
