1 1 5
1 5 6
1 6 7
1 7 8
1 8 9
1 9 10
1 10 11
1 11 12
1 12 13
1 13 14
1 14 15
1 15 16
1 16 17
1 17 18
1 18 19
1 19 20
1 20 21
1 21 22
1 22 23
1 23 24
1 24 25
1 25 26
1 26 27
1 27 28
1 28 29
1 29 30
1 30 31
1 31 32
1 32 33
1 33 34
1 34 35
1 35 36
1 36 37
1 37 38
1 38 39
1 39 40
1 40 41
1 41 42
1 42 43
1 43 44
1 44 45
1 45 46
1 46 47
1 47 48
1 48 49
1 49 50
1 50 51
1 51 52
1 52 53
1 53 54
1 54 55
1 55 56
1 56 57
1 57 58
1 58 59
1 59 60
1 60 61
1 61 62
1 62 63
1 63 64
1 64 65
1 65 66
1 66 67
1 67 68
1 68 69
1 69 70
1 70 2
2 2 71
2 71 72
2 72 73
2 73 74
2 74 75
2 75 76
2 76 77
2 77 78
2 78 79
2 79 80
2 80 81
2 81 82
2 82 83
2 83 84
2 84 85
2 85 86
2 86 87
2 87 88
2 88 89
2 89 90
2 90 91
2 91 92
2 92 93
2 93 94
2 94 95
2 95 96
2 96 97
2 97 98
2 98 99
2 99 100
2 100 101
2 101 102
2 102 103
2 103 104
2 104 105
2 105 106
2 106 107
2 107 108
2 108 109
2 109 110
2 110 111
2 111 112
2 112 113
2 113 114
2 114 115
2 115 116
2 116 117
2 117 118
2 118 119
2 119 120
2 120 121
2 121 122
2 122 123
2 123 124
2 124 125
2 125 126
2 126 127
2 127 128
2 128 129
2 129 130
2 130 131
2 131 132
2 132 133
2 133 134
2 134 135
2 135 136
2 136 3
3 3 137
3 137 138
3 138 139
3 139 140
3 140 141
3 141 142
3 142 143
3 143 144
3 144 145
3 145 146
3 146 147
3 147 148
3 148 149
3 149 150
3 150 151
3 151 152
3 152 153
3 153 154
3 154 155
3 155 156
3 156 157
3 157 158
3 158 159
3 159 160
3 160 161
3 161 162
3 162 163
3 163 164
3 164 165
3 165 166
3 166 167
3 167 168
3 168 169
3 169 170
3 170 171
3 171 172
3 172 173
3 173 174
3 174 175
3 175 176
3 176 177
3 177 178
3 178 179
3 179 180
3 180 181
3 181 182
3 182 183
3 183 184
3 184 185
3 185 186
3 186 187
3 187 188
3 188 189
3 189 190
3 190 191
3 191 192
3 192 193
3 193 194
3 194 195
3 195 196
3 196 197
3 197 198
3 198 199
3 199 200
3 200 201
3 201 202
3 202 4
4 4 203
4 203 204
4 204 205
4 205 206
4 206 207
4 207 208
4 208 209
4 209 210
4 210 211
4 211 212
4 212 213
4 213 214
4 214 215
4 215 216
4 216 217
4 217 218
4 218 219
4 219 220
4 220 221
4 221 222
4 222 223
4 223 224
4 224 225
4 225 226
4 226 227
4 227 228
4 228 229
4 229 230
4 230 231
4 231 232
4 232 233
4 233 234
4 234 235
4 235 236
4 236 237
4 237 238
4 238 239
4 239 240
4 240 241
4 241 242
4 242 243
4 243 244
4 244 245
4 245 246
4 246 247
4 247 248
4 248 249
4 249 250
4 250 251
4 251 252
4 252 253
4 253 254
4 254 255
4 255 256
4 256 257
4 257 258
4 258 259
4 259 260
4 260 261
4 261 262
4 262 263
4 263 264
4 264 265
4 265 266
4 266 267
4 267 268
4 268 1
