0 0
1 0
1 1
0 1
0.014925 0
0.029851 0
0.044776 0
0.059701 0
0.074627 0
0.089552 0
0.10448 0
0.1194 0
0.13433 0
0.14925 0
0.16418 0
0.1791 0
0.19403 0
0.20896 0
0.22388 0
0.23881 0
0.25373 0
0.26866 0
0.28358 0
0.29851 0
0.31343 0
0.32836 0
0.34328 0
0.35821 0
0.37313 0
0.38806 0
0.40299 0
0.41791 0
0.43284 0
0.44776 0
0.46269 0
0.47761 0
0.49254 0
0.50746 0
0.52239 0
0.53731 0
0.55224 0
0.56716 0
0.58209 0
0.59701 0
0.61194 0
0.62687 0
0.64179 0
0.65672 0
0.67164 0
0.68657 0
0.70149 0
0.71642 0
0.73134 0
0.74627 0
0.76119 0
0.77612 0
0.79104 0
0.80597 0
0.8209 0
0.83582 0
0.85075 0
0.86567 0
0.8806 0
0.89552 0
0.91045 0
0.92537 0
0.9403 0
0.95522 0
0.97015 0
0.98507 0
1 0.014925
1 0.029851
1 0.044776
1 0.059701
1 0.074627
1 0.089552
1 0.10448
1 0.1194
1 0.13433
1 0.14925
1 0.16418
1 0.1791
1 0.19403
1 0.20896
1 0.22388
1 0.23881
1 0.25373
1 0.26866
1 0.28358
1 0.29851
1 0.31343
1 0.32836
1 0.34328
1 0.35821
1 0.37313
1 0.38806
1 0.40299
1 0.41791
1 0.43284
1 0.44776
1 0.46269
1 0.47761
1 0.49254
1 0.50746
1 0.52239
1 0.53731
1 0.55224
1 0.56716
1 0.58209
1 0.59701
1 0.61194
1 0.62687
1 0.64179
1 0.65672
1 0.67164
1 0.68657
1 0.70149
1 0.71642
1 0.73134
1 0.74627
1 0.76119
1 0.77612
1 0.79104
1 0.80597
1 0.8209
1 0.83582
1 0.85075
1 0.86567
1 0.8806
1 0.89552
1 0.91045
1 0.92537
1 0.9403
1 0.95522
1 0.97015
1 0.98507
0.98507 1
0.97015 1
0.95522 1
0.9403 1
0.92537 1
0.91045 1
0.89552 1
0.8806 1
0.86567 1
0.85075 1
0.83582 1
0.8209 1
0.80597 1
0.79104 1
0.77612 1
0.76119 1
0.74627 1
0.73134 1
0.71642 1
0.70149 1
0.68657 1
0.67164 1
0.65672 1
0.64179 1
0.62687 1
0.61194 1
0.59701 1
0.58209 1
0.56716 1
0.55224 1
0.53731 1
0.52239 1
0.50746 1
0.49254 1
0.47761 1
0.46269 1
0.44776 1
0.43284 1
0.41791 1
0.40299 1
0.38806 1
0.37313 1
0.35821 1
0.34328 1
0.32836 1
0.31343 1
0.29851 1
0.28358 1
0.26866 1
0.25373 1
0.23881 1
0.22388 1
0.20896 1
0.19403 1
0.1791 1
0.16418 1
0.14925 1
0.13433 1
0.1194 1
0.10448 1
0.089552 1
0.074627 1
0.059701 1
0.044776 1
0.029851 1
0.014925 1
0 0.98507
0 0.97015
0 0.95522
0 0.9403
0 0.92537
0 0.91045
0 0.89552
0 0.8806
0 0.86567
0 0.85075
0 0.83582
0 0.8209
0 0.80597
0 0.79104
0 0.77612
0 0.76119
0 0.74627
0 0.73134
0 0.71642
0 0.70149
0 0.68657
0 0.67164
0 0.65672
0 0.64179
0 0.62687
0 0.61194
0 0.59701
0 0.58209
0 0.56716
0 0.55224
0 0.53731
0 0.52239
0 0.50746
0 0.49254
0 0.47761
0 0.46269
0 0.44776
0 0.43284
0 0.41791
0 0.40299
0 0.38806
0 0.37313
0 0.35821
0 0.34328
0 0.32836
0 0.31343
0 0.29851
0 0.28358
0 0.26866
0 0.25373
0 0.23881
0 0.22388
0 0.20896
0 0.19403
0 0.1791
0 0.16418
0 0.14925
0 0.13433
0 0.1194
0 0.10448
0 0.089552
0 0.074627
0 0.059701
0 0.044776
0 0.029851
0 0.014925
0.50049 0.49971
0.70494 0.70633
0.29143 0.70547
0.70615 0.29012
0.29468 0.29061
0.50085 0.78036
0.21964 0.50085
0.78033 0.50071
0.49894 0.21762
0.82567 0.82765
0.17235 0.82567
0.82899 0.17119
0.17119 0.17101
0.56625 0.63966
0.35979 0.56692
0.64143 0.43445
0.43196 0.35869
0.63927 0.84517
0.15483 0.63927
0.84517 0.36072
0.36072 0.15483
0.84519 0.63987
0.35973 0.84393
0.64006 0.15801
0.15696 0.36187
0.68155 0.58067
0.44117 0.66626
0.33362 0.44232
0.57987 0.31969
0.53563 0.88787
0.11213 0.53563
0.88787 0.46437
0.46437 0.11213
0.73902 0.89106
0.10894 0.73902
0.89106 0.26098
0.26098 0.10894
0.8922 0.73863
0.73902 0.10894
0.26098 0.89106
0.10894 0.26098
0.60357 0.74264
0.25669 0.60445
0.74328 0.39747
0.39857 0.25591
0.59726 0.52357
0.52494 0.4011
0.8981 0.10141
0.10141 0.1019
0.89778 0.89589
0.10411 0.89778
0.38538 0.7477
0.25251 0.38225
0.90252 0.56152
0.43848 0.90252
0.56152 0.097477
0.097695 0.4411
0.74192 0.79588
0.20412 0.74192
0.79587 0.2581
0.2581 0.20413
0.79979 0.72103
0.28287 0.79692
0.72103 0.20021
0.20308 0.28287
0.49271 0.59226
0.40873 0.49174
0.75262 0.6326
0.6326 0.24738
0.3531 0.65118
0.69707 0.49942
0.49929 0.3046
0.35033 0.35697
0.81749 0.91696
0.08304 0.81749
0.91696 0.18251
0.18251 0.08304
0.91635 0.81893
0.81893 0.08365
0.18107 0.91635
0.08365 0.18107
0.64523 0.65702
0.51273 0.70211
0.29791 0.51273
0.65323 0.3541
0.60768 0.92023
0.079769 0.60768
0.92023 0.39232
0.39232 0.079769
0.92087 0.66546
0.66546 0.079132
0.33454 0.92087
0.079132 0.33454
0.82483 0.56434
0.43314 0.82329
0.56434 0.17517
0.17671 0.43314
0.57101 0.81726
0.18274 0.5674
0.81638 0.43202
0.43184 0.18256
0.45496 0.43261
0.77901 0.33115
0.33157 0.22168
0.66825 0.77824
0.22176 0.66825
0.57417 0.45599
0.67948 0.92839
0.071613 0.67948
0.92839 0.32052
0.32052 0.071613
0.74757 0.56124
0.56124 0.25243
0.42257 0.60157
0.45105 0.73451
0.2674 0.45008
0.61366 0.59073
0.59079 0.3859
0.39239 0.41305
0.55229 0.56986
0.44818 0.54005
0.49365 0.93611
0.063891 0.49365
0.93611 0.50635
0.50635 0.063891
0.49461 0.84142
0.15858 0.49461
0.8386 0.50722
0.50539 0.15858
0.69989 0.8459
0.1541 0.69989
0.84586 0.30008
0.30008 0.15414
0.83762 0.76827
0.23173 0.83762
0.76827 0.16238
0.16238 0.23173
0.32473 0.76094
0.23882 0.32465
0.35512 0.2982
0.93994 0.6084
0.6084 0.060056
0.3916 0.93994
0.060056 0.3916
0.29716 0.64859
0.7401 0.45622
0.43868 0.30057
0.9449 0.058776
0.058776 0.055103
0.94162 0.94193
0.058825 0.94117
0.55596 0.94236
0.057642 0.55596
0.94236 0.44404
0.44404 0.057642
0.77404 0.84247
0.15753 0.77404
0.84247 0.22596
0.22596 0.15753
0.76836 0.94531
0.054692 0.76836
0.94266 0.23408
0.23408 0.057343
0.94316 0.76841
0.76841 0.056841
0.23159 0.94316
0.056841 0.23159
0.85187 0.69689
0.69643 0.14837
0.30311 0.85187
0.14813 0.30311
0.54879 0.74918
0.25082 0.54879
0.71108 0.34692
0.51004 0.64411
0.3561 0.50977
0.65023 0.70928
0.70221 0.6482
0.64824 0.2977
0.57128 0.69662
0.30122 0.57314
0.68704 0.40228
0.65065 0.53154
0.53323 0.34684
0.86565 0.94467
0.055329 0.86565
0.94467 0.13435
0.13435 0.055329
0.86714 0.056362
0.94364 0.86714
0.056362 0.13286
0.13286 0.94364
0.34818 0.70641
0.30615 0.38999
0.45271 0.24591
0.58994 0.86765
0.13235 0.58994
0.86765 0.41006
0.41006 0.13235
0.74904 0.74193
0.25865 0.74913
0.74138 0.25101
0.25087 0.25865
0.75573 0.68533
0.68533 0.24427
0.6171 0.7963
0.20507 0.62089
0.79525 0.38304
0.38453 0.2075
0.945 0.71334
0.70965 0.05552
0.29035 0.94448
0.05552 0.29035
0.85178 0.87753
0.12247 0.85178
0.87753 0.14822
0.14822 0.12247
0.38936 0.80129
0.19871 0.38936
0.63072 0.48903
0.48316 0.36632
0.3996 0.69873
0.79145 0.79421
0.20579 0.79145
0.79775 0.20812
0.20812 0.20225
0.28872 0.34626
0.88849 0.61137
0.60898 0.10988
0.39102 0.89012
0.11056 0.38948
0.80332 0.60925
0.60925 0.19668
0.50093 0.45178
0.55102 0.50322
0.39138 0.33068
0.80406 0.67256
0.67256 0.19594
0.32784 0.80585
0.19415 0.32784
0.39645 0.53833
0.44715 0.95113
0.048866 0.44715
0.95113 0.55285
0.55285 0.048866
0.33472 0.60682
0.68605 0.44976
0.87074 0.80593
0.19407 0.87074
0.80593 0.12926
0.12926 0.19407
0.48532 0.88819
0.11181 0.48532
0.88819 0.51468
0.51468 0.11181
0.45705 0.47989
0.67156 0.88176
0.11824 0.67156
0.88176 0.32844
0.32844 0.11824
0.43187 0.77763
0.22193 0.43189
0.51178 0.54708
0.72001 0.95284
0.047163 0.72001
0.95284 0.27999
0.27999 0.047163
0.37712 0.45344
0.63791 0.95499
0.045012 0.63791
0.95499 0.36209
0.36209 0.045012
0.70656 0.54281
0.54109 0.29262
0.40311 0.64053
0.46015 0.62441
0.72282 0.60002
0.60002 0.27718
0.80805 0.87302
0.12698 0.80805
0.87302 0.19195
0.19195 0.12698
0.70571 0.75278
0.24572 0.7054
0.75235 0.29336
0.29436 0.24562
0.8563 0.10961
0.88947 0.85376
0.10961 0.1437
0.1437 0.89039
0.60337 0.66577
0.73759 0.51132
0.50939 0.26243
0.77346 0.42707
0.35041 0.40093
0.78686 0.54373
0.54373 0.21314
0.37818 0.6061
0.53657 0.60929
0.494 0.73818
0.47294 0.69846
0.26182 0.494
0.30299 0.47122
0.65041 0.61024
0.63322 0.39092
0.60898 0.35079
0.8058 0.95749
0.042507 0.8058
0.95749 0.1942
0.1942 0.042507
0.95662 0.80562
0.80562 0.043377
0.19438 0.95662
0.043377 0.19438
0.5791 0.77534
0.22466 0.5791
0.53736 0.84605
0.15395 0.53736
0.84569 0.46464
0.46175 0.15359
0.9574 0.64608
0.64608 0.042604
0.35392 0.9574
0.042604 0.35392
0.89454 0.69764
0.66387 0.12126
0.33556 0.87877
0.12141 0.33608
0.45218 0.86528
0.86326 0.54803
0.13472 0.45218
0.54803 0.13674
0.59177 0.95822
0.041777 0.59177
0.95822 0.40823
0.40823 0.041777
0.25768 0.64541
0.84902 0.59506
0.40071 0.84745
0.59522 0.15077
0.15143 0.4031
0.35611 0.2561
0.46571 0.33249
0.90291 0.77858
0.77858 0.097091
0.22142 0.90291
0.097091 0.22142
0.7789 0.90348
0.096516 0.7789
0.90348 0.2211
0.2211 0.096516
0.42019 0.45207
0.59933 0.42508
0.95812 0.094577
0.094577 0.041884
0.90313 0.041938
0.90542 0.95812
0.041884 0.90542
0.95741 0.90163
0.041938 0.096869
0.096869 0.95806
0.38809 0.37134
0.63174 0.88709
0.11291 0.63174
0.88709 0.36826
0.36826 0.11291
0.4211 0.22046
0.8165 0.33014
0.33096 0.18231
0.53965 0.7884
0.2116 0.53965
0.54221 0.67123
0.32938 0.54046
0.88068 0.65634
0.69941 0.10052
0.30059 0.89948
0.10052 0.30059
0.67035 0.81659
0.1826 0.66767
0.3239 0.32442
0.68164 0.32391
0.43109 0.39917
0.57125 0.90569
0.094311 0.57125
0.90569 0.42875
0.42875 0.094311
0.47119 0.8093
0.1907 0.47119
0.67773 0.6807
0.56158 0.4171
0.46196 0.2076
0.80954 0.47164
0.57586 0.60173
0.6101 0.70838
0.4857 0.40674
0.64194 0.74893
0.74885 0.35911
0.32013 0.67908
0.61494 0.62893
0.60287 0.8338
0.1662 0.60287
0.83342 0.39829
0.39819 0.1667
0.29558 0.60913
0.71707 0.42469
0.35803 0.77661
0.22344 0.35932
0.76688 0.59061
0.59061 0.23312
0.79681 0.29894
0.29894 0.20319
0.52239 0.96218
0.037816 0.52239
0.96218 0.47761
0.47761 0.037816
0.45457 0.57965
0.70089 0.79731
0.20287 0.69985
0.58789 0.56428
0.53479 0.4697
0.59381 0.48706
0.39923 0.29466
0.29859 0.43108
0.64529 0.57101
0.55391 0.37873
0.78355 0.75496
0.24502 0.78425
0.75498 0.21571
0.21575 0.24502
0.83607 0.73432
0.26604 0.83742
0.73432 0.16393
0.16258 0.26604
0.46912 0.27852
0.73504 0.8529
0.1471 0.73504
0.8529 0.26496
0.26496 0.1471
0.70363 0.90124
0.098764 0.70363
0.90124 0.29637
0.29637 0.098764
0.4662 0.76759
0.23233 0.46636
0.32319 0.27109
0.68742 0.61866
0.62034 0.31379
0.47901 0.65935
0.33967 0.47726
0.27159 0.67816
0.39545 0.57532
0.96312 0.68019
0.68113 0.035926
0.31887 0.96407
0.035926 0.31887
0.6791 0.96502
0.034982 0.6791
0.96502 0.3209
0.3209 0.034982
0.64574 0.91665
0.083349 0.64574
0.91665 0.35426
0.35426 0.083349
0.43548 0.70141
0.41481 0.73099
0.29143 0.74322
0.2604 0.29373
0.56207 0.53709
0.85325 0.91275
0.087246 0.85325
0.91275 0.14675
0.14675 0.087246
0.52624 0.921
0.078999 0.52624
0.921 0.47376
0.47376 0.078999
0.51453 0.80834
0.19166 0.51453
0.73327 0.3265
0.26692 0.41565
0.96529 0.58564
0.58564 0.034705
0.41436 0.96529
0.034705 0.41436
0.66609 0.48048
0.86453 0.83848
0.16152 0.86453
0.83848 0.13547
0.13547 0.16152
0.67555 0.73672
0.96566 0.034338
0.034338 0.034338
0.96566 0.96566
0.035043 0.96628
0.57698 0.35325
0.83839 0.96695
0.033048 0.83839
0.96695 0.16161
0.16161 0.033048
0.83898 0.034224
0.96578 0.83898
0.034224 0.16102
0.16102 0.96578
0.96659 0.74158
0.74131 0.033757
0.25869 0.96624
0.033757 0.25869
0.77393 0.46468
0.46786 0.5114
0.72642 0.67817
0.67821 0.2736
0.91506 0.6318
0.63201 0.084766
0.36799 0.91523
0.084766 0.36799
0.80727 0.5171
0.51746 0.19235
0.96572 0.52227
0.47773 0.96572
0.52227 0.03428
0.03428 0.47773
0.79223 0.64132
0.64132 0.20777
0.61208 0.45795
0.86822 0.76606
0.23394 0.86822
0.76606 0.13178
0.13178 0.23394
0.50458 0.33486
0.35185 0.73994
0.73777 0.92449
0.075509 0.73777
0.92449 0.26223
0.26223 0.075509
0.92116 0.73699
0.7372 0.075441
0.2628 0.92456
0.075441 0.2628
0.48046 0.55394
0.37046 0.68193
0.32106 0.72493
0.48203 0.18212
0.62049 0.54989
0.54232 0.71324
0.28655 0.54532
0.6823 0.36646
0.87521 0.57872
0.42128 0.87521
0.57872 0.12479
0.12176 0.42036
0.42745 0.26918
0.43422 0.51382
0.57617 0.72842
0.27071 0.57484
0.71489 0.38247
0.79468 0.57389
0.57389 0.20532
0.42743 0.56085
0.31718 0.36542
0.52101 0.57732
0.53342 0.4323
0.25742 0.35175
0.46349 0.92413
0.075874 0.46349
0.92413 0.53651
0.53651 0.075874
0.92962 0.57757
0.57757 0.070381
0.42243 0.92962
0.070381 0.42243
0.42338 0.32886
0.82309 0.79707
0.20293 0.82309
0.79845 0.17841
0.17841 0.20155
0.73879 0.71202
0.71202 0.26121
0.76534 0.81291
0.79828 0.82402
0.18709 0.76534
0.17598 0.79828
0.81291 0.23466
0.82471 0.20193
0.23466 0.18709
0.20193 0.17529
0.35717 0.81623
0.18377 0.35717
0.4605 0.38846
0.7478 0.96825
0.031747 0.7478
0.96825 0.2522
0.2522 0.031747
0.48411 0.24624
0.9287 0.087951
0.087951 0.0713
0.91278 0.92895
0.071051 0.91278
0.36001 0.32838
0.3793 0.49083
0.32895 0.63853
0.71033 0.46971
0.50958 0.86903
0.13097 0.50958
0.86853 0.49072
0.49042 0.13097
0.76477 0.87781
0.12219 0.76477
0.87781 0.23523
0.23523 0.12219
0.72831 0.82466
0.17534 0.72831
0.82462 0.27172
0.27172 0.17538
0.30526 0.78375
0.21625 0.30526
0.63571 0.68438
0.82068 0.69783
0.83079 0.66646
0.69569 0.17842
0.66684 0.16612
0.67059 0.85209
0.14791 0.67059
0.85208 0.3294
0.3294 0.14792
0.28245 0.37582
0.89355 0.070394
0.92959 0.89354
0.070394 0.10645
0.10646 0.92959
0.36249 0.42951
0.62744 0.51559
0.51609 0.37324
0.75666 0.76798
0.22905 0.75794
0.76925 0.24303
0.24206 0.22905
0.38205 0.96775
0.032246 0.38205
0.96775 0.61795
0.61795 0.032246
0.36964 0.53767
0.37788 0.71691
0.52521 0.51927
0.76362 0.71691
0.71691 0.23638
0.83687 0.5361
0.53616 0.16321
0.22589 0.63791
0.71233 0.87116
0.12884 0.71233
0.87116 0.28767
0.28767 0.12884
0.30239 0.81795
0.33126 0.83544
0.18205 0.30239
0.16456 0.33126
0.72446 0.63044
0.63044 0.27554
0.49087 0.61965
0.97052 0.06801
0.06801 0.029476
0.93313 0.030399
0.96971 0.93158
0.030399 0.066868
0.93163 0.97072
0.029279 0.93163
0.066888 0.96937
0.43252 0.63711
0.41097 0.66674
0.27578 0.31871
0.51645 0.75547
0.24453 0.51645
0.75833 0.53343
0.53343 0.24167
0.67722 0.55133
0.55133 0.32278
0.71003 0.57261
0.57261 0.28997
0.3772 0.23415
0.77543 0.97211
0.027888 0.77543
0.9699 0.22318
0.22318 0.030095
0.97012 0.77936
0.77936 0.029876
0.22064 0.97012
0.029876 0.22064
0.64175 0.81772
0.18283 0.64177
0.48709 0.47289
0.81497 0.35918
0.36086 0.18434
0.65481 0.41083
0.86178 0.72565
0.72265 0.13764
0.27745 0.86239
0.13761 0.27745
0.78717 0.69494
0.69494 0.21283
0.56544 0.97006
0.02994 0.56544
0.97006 0.43456
0.43456 0.02994
0.84724 0.083393
0.91661 0.84724
0.083393 0.15276
0.15276 0.91661
0.55756 0.86637
0.13363 0.55756
0.86714 0.44291
0.44291 0.13286
0.33248 0.58092
0.4009 0.77492
0.22598 0.40082
0.27949 0.76958
0.23042 0.27949
0.37668 0.2782
0.81204 0.75054
0.24939 0.81199
0.75054 0.18796
0.18801 0.24939
0.50326 0.67236
0.33011 0.50278
0.66906 0.5077
0.67407 0.64404
0.64278 0.32434
0.92256 0.69292
0.46732 0.83949
0.16051 0.46732
0.73199 0.76858
0.2304 0.72918
0.76954 0.271
0.27087 0.23073
0.74902 0.48363
0.63513 0.12322
0.3641 0.87874
0.12831 0.36401
0.61632 0.86389
0.13611 0.61632
0.8639 0.38368
0.38368 0.1361
0.8873 0.82709
0.82745 0.11267
0.17255 0.88733
0.11267 0.17255
0.74839 0.66026
0.66026 0.25161
0.97302 0.11995
0.11995 0.026981
0.88005 0.97302
0.026981 0.88005
0.88047 0.025577
0.97442 0.88047
0.025577 0.11953
0.11953 0.97442
0.79282 0.9312
0.068805 0.79282
0.9314 0.20696
0.20696 0.068596
0.93192 0.79427
0.79427 0.068081
0.20573 0.93192
0.068081 0.20573
0.81596 0.63532
0.63532 0.18404
0.79668 0.41383
0.52394 0.3179
0.5767 0.66877
0.84192 0.9362
0.063804 0.84192
0.9362 0.15808
0.15808 0.063804
0.41534 0.80039
0.19961 0.41534
0.64 0.77911
0.53876 0.63965
0.83001 0.85794
0.14206 0.83001
0.85794 0.16999
0.16999 0.14206
0.58175 0.93228
0.067719 0.58175
0.93228 0.41825
0.41825 0.067719
0.74467 0.42607
0.76907 0.38058
0.61442 0.97093
0.029065 0.61442
0.97093 0.38558
0.38558 0.029065
0.26977 0.72482
0.27746 0.27218
0.3258 0.41433
0.70786 0.32249
0.60575 0.89428
0.10572 0.60575
0.89428 0.39425
0.39425 0.10572
0.38634 0.51366
0.88005 0.91975
0.080251 0.88005
0.91975 0.11995
0.11995 0.080251
0.69189 0.073562
0.30811 0.92644
0.073562 0.30811
0.82633 0.88852
0.11148 0.82633
0.88852 0.17367
0.17367 0.11148
0.5767 0.84718
0.15282 0.5767
0.84418 0.42534
0.42591 0.15422
0.49309 0.52766
0.77794 0.66717
0.66717 0.22206
0.64403 0.4623
0.8802 0.12178
0.87822 0.8802
0.12178 0.1198
0.1198 0.87822
0.51949 0.72814
0.27186 0.51949
0.38386 0.82931
0.17172 0.38303
0.65908 0.38154
0.70793 0.92847
0.071534 0.70793
0.92847 0.29207
0.29207 0.071534
0.90458 0.59122
0.59111 0.095562
0.40889 0.90444
0.095665 0.41447
0.59051 0.7997
0.60494 0.77296
0.19847 0.58982
0.22701 0.60486
0.67975 0.70882
0.4139 0.3791
0.87191 0.63357
0.53851 0.54855
0.44302 0.80017
0.19983 0.44302
0.35832 0.62162
0.97173 0.70349
0.29695 0.97229
0.70305 0.027708
0.027708 0.29695
0.41612 0.42554
0.51184 0.89814
0.10186 0.51184
0.89814 0.48816
0.48816 0.10186
0.78238 0.35896
0.87386 0.08939
0.91061 0.87386
0.08939 0.12614
0.12614 0.91061
0.8223 0.5915
0.5915 0.1777
0.53755 0.81746
0.18254 0.53755
0.41001 0.19485
0.58937 0.62629
0.6278 0.72696
0.31944 0.29817
0.35716 0.21088
0.46054 0.35754
0.47679 0.44804
0.40651 0.35195
0.27429 0.62678
0.79435 0.44665
0.37788 0.30874
0.47864 0.86279
0.13721 0.47864
0.86064 0.52112
0.52112 0.13936
0.50972 0.42216
0.57557 0.51081
0.94184 0.82738
0.82738 0.058164
0.17262 0.94184
0.058164 0.17262
0.7344 0.53803
0.5388 0.26552
0.42963 0.47606
0.56805 0.48484
0.7234 0.73211
0.70397 0.97376
0.026242 0.70397
0.97376 0.29603
0.29603 0.026242
0.72949 0.2809
0.38157 0.65831
0.85023 0.57078
0.42699 0.85159
0.57078 0.14977
0.14841 0.42699
0.52591 0.49275
0.33119 0.38237
0.24456 0.67953
0.3556 0.59402
0.34397 0.67349
0.68576 0.52577
0.61378 0.94569
0.054314 0.61378
0.94569 0.38622
0.38622 0.054314
0.4336 0.75186
0.67651 0.42348
0.51736 0.28765
0.32073 0.24577
0.46364 0.30514
0.81943 0.49225
0.62604 0.41289
0.40162 0.61535
0.80497 0.84582
0.15418 0.80497
0.84582 0.19503
0.19503 0.15418
0.39551 0.43731
0.33395 0.78152
0.21708 0.33275
0.65573 0.97474
0.025262 0.65573
0.97474 0.34427
0.34427 0.025262
0.61349 0.37461
0.49119 0.71272
0.28728 0.49119
0.90909 0.71866
0.84462 0.80984
0.19016 0.84462
0.80809 0.15621
0.15621 0.19191
0.45967 0.88727
0.11273 0.45967
0.88758 0.53951
0.53951 0.11242
0.75049 0.83306
0.16694 0.75049
0.83306 0.24951
0.24951 0.16694
0.44616 0.4552
0.51404 0.60347
0.97528 0.56185
0.56185 0.024723
0.43815 0.97528
0.024723 0.43815
0.37345 0.34991
0.37405 0.39595
0.77796 0.61843
0.61843 0.22204
0.66741 0.90674
0.093259 0.66741
0.90674 0.33259
0.33259 0.093259
0.85398 0.7481
0.25193 0.854
0.7481 0.14602
0.146 0.25193
0.87302 0.68195
0.69057 0.12291
0.30941 0.877
0.123 0.30941
0.24835 0.43761
0.64966 0.86861
0.13139 0.64966
0.86861 0.35034
0.35034 0.13139
0.30053 0.31882
0.5019 0.97728
0.022716 0.5019
0.97728 0.4981
0.4981 0.022716
0.72327 0.49016
0.74373 0.5859
0.5859 0.25627
0.4453 0.60343
0.45688 0.1786
0.42558 0.53579
0.29374 0.6705
0.40044 0.46771
0.83116 0.61611
0.61623 0.16829
0.81003 0.77546
0.22454 0.81003
0.77546 0.18997
0.18997 0.22454
0.69344 0.77538
0.89709 0.80286
0.80286 0.10291
0.19714 0.89709
0.10291 0.19714
0.71353 0.51794
0.65157 0.10004
0.34843 0.89996
0.10004 0.34843
0.77455 0.30681
0.35328 0.45649
0.5107 0.47268
0.80313 0.89813
0.10187 0.80313
0.89813 0.19687
0.19687 0.10187
0.81263 0.54309
0.54309 0.18749
0.41962 0.24598
0.22511 0.69257
0.76679 0.40612
0.49394 0.28026
0.54823 0.90879
0.091211 0.54823
0.90879 0.45177
0.45177 0.091211
0.77267 0.56261
0.56261 0.22733
0.81949 0.30663
0.30668 0.18065
0.40982 0.51633
0.68497 0.30002
0.54212 0.97728
0.02272 0.54212
0.97728 0.45788
0.45788 0.02272
0.48683 0.91292
0.087076 0.48683
0.91292 0.51317
0.51317 0.087076
0.85481 0.78566
0.21434 0.85481
0.78566 0.14519
0.14519 0.21434
0.40832 0.82472
0.17528 0.40832
0.94516 0.66676
0.66676 0.054837
0.33324 0.94516
0.054837 0.33324
0.91699 0.062775
0.062775 0.083013
0.93761 0.91678
0.083013 0.93723
0.58176 0.75235
0.24811 0.58173
0.38058 0.63073
0.3076 0.22563
0.69361 0.81982
0.1802 0.69336
0.58275 0.40917
0.59327 0.68735
0.20486 0.64897
0.66524 0.9484
0.051602 0.66524
0.9484 0.33476
0.33476 0.051602
0.70088 0.68374
0.69753 0.7296
0.46949 0.60083
0.43797 0.20492
0.45672 0.64808
0.66304 0.44314
0.55517 0.77021
0.22979 0.55517
0.2827 0.39849
0.72882 0.30476
0.69916 0.59695
0.59573 0.29971
0.74413 0.61074
0.61074 0.25587
0.31497 0.59523
0.65592 0.79866
0.36777 0.93891
0.93891 0.63223
0.061091 0.36777
0.63223 0.061091
0.68986 0.86564
0.13436 0.68986
0.86564 0.31014
0.31014 0.13436
0.90839 0.75538
0.75541 0.091323
0.24459 0.90868
0.091323 0.24459
0.76096 0.91902
0.080984 0.76096
0.91902 0.23904
0.23904 0.080984
0.7154 0.081465
0.2846 0.91853
0.081465 0.2846
0.33881 0.97667
0.023328 0.33881
0.97667 0.66119
0.66119 0.023328
0.56343 0.79465
0.20535 0.56343
0.62239 0.65248
0.55909 0.61975
0.55412 0.59579
0.31508 0.70281
0.31154 0.44922
0.65808 0.58876
0.8995 0.67478
0.67611 0.10015
0.32389 0.89985
0.10015 0.32389
0.94092 0.10973
0.10973 0.059083
0.89027 0.94092
0.059083 0.89027
0.58929 0.71032
0.24569 0.62423
0.61973 0.14188
0.37965 0.85775
0.13567 0.38402
0.69524 0.95035
0.049654 0.69524
0.95035 0.30476
0.30476 0.049654
0.78627 0.86238
0.13762 0.78627
0.86238 0.21373
0.21373 0.13762
0.82385 0.45466
0.49925 0.56852
0.81888 0.97678
0.023217 0.81888
0.97678 0.18112
0.18112 0.023217
0.81888 0.023217
0.97678 0.81888
0.023217 0.18112
0.18112 0.97678
0.85834 0.65937
0.47187 0.72517
0.27298 0.47308
0.6358 0.36679
0.63786 0.63267
0.91672 0.60864
0.60864 0.083276
0.39136 0.91672
0.083276 0.39136
0.57777 0.43451
0.62599 0.61031
0.44343 0.34005
0.40026 0.23326
0.86866 0.86064
0.86064 0.13134
0.13936 0.86866
0.13134 0.13936
0.68857 0.34535
0.59194 0.58499
0.35888 0.37723
0.48766 0.76175
0.23825 0.48766
0.29971 0.27003
0.54674 0.69183
0.30849 0.55034
0.50422 0.3925
0.72717 0.97725
0.022747 0.72717
0.97725 0.27283
0.27283 0.022747
0.9031 0.65217
0.58843 0.64831
0.79819 0.34303
0.28937 0.45164
0.35108 0.23302
0.31586 0.61992
0.70849 0.44642
0.47706 0.78557
0.21443 0.47706
0.55528 0.35582
0.45197 0.40884
0.66377 0.75537
0.27646 0.65571
0.76098 0.5099
0.50919 0.23856
0.54777 0.39982
0.49269 0.81984
0.18016 0.49269
0.34624 0.27612
0.46776 0.23055
0.38081 0.55823
0.7601 0.44725
0.67528 0.14123
0.55575 0.44103
0.51749 0.83641
0.16359 0.51749
0.40644 0.75185
0.27002 0.70134
0.3215 0.20249
0.60232 0.32892
0.46185 0.67656
0.30115 0.76248
0.23776 0.30066
0.74244 0.94553
0.054467 0.74244
0.94553 0.25756
0.25756 0.054467
0.67957 0.79766
0.20186 0.67724
0.64637 0.50314
0.68781 0.47488
0.47271 0.94417
0.055835 0.47271
0.94417 0.52729
0.52729 0.055835
0.72514 0.65279
0.65279 0.27486
0.65609 0.67482
0.27798 0.59602
0.72175 0.40369
0.47197 0.53498
0.45525 0.71185
0.7355 0.37652
0.75603 0.3377
0.48384 0.2043
0.60844 0.50431
0.44708 0.28184
0.71736 0.1138
0.28264 0.8862
0.1138 0.28264
0.34372 0.85979
0.14207 0.34176
0.63517 0.34576
0.78159 0.5215
0.52176 0.2185
0.85717 0.97881
0.021195 0.85717
0.97881 0.14283
0.14283 0.021195
0.85717 0.021195
0.97881 0.85717
0.021195 0.14283
0.14283 0.97881
0.85361 0.62033
0.61024 0.56965
0.5329 0.9424
0.057601 0.5329
0.9424 0.4671
0.4671 0.057601
0.6229 0.75662
0.44129 0.2275
0.97842 0.63755
0.63755 0.021576
0.36245 0.97842
0.021576 0.36245
0.61715 0.81622
0.18359 0.61716
0.47714 0.63835
0.37691 0.58307
0.54562 0.52542
0.81777 0.38239
0.38267 0.18267
0.55655 0.88989
0.11011 0.55655
0.88989 0.44345
0.44345 0.11011
0.94458 0.69078
0.88328 0.78518
0.78518 0.11672
0.21482 0.88328
0.11672 0.21482
0.72257 0.90885
0.091149 0.72257
0.90885 0.27743
0.27743 0.091149
0.62631 0.90707
0.092932 0.62631
0.90707 0.37369
0.37369 0.092932
0.81694 0.93867
0.061335 0.81694
0.93867 0.18306
0.18306 0.061335
0.76694 0.79018
0.20982 0.76694
0.79018 0.23306
0.23306 0.20982
0.61819 0.4367
0.37884 0.76973
0.22775 0.3784
0.60892 0.39783
0.34794 0.53143
0.65198 0.89134
0.10866 0.65198
0.89134 0.34802
0.34802 0.10866
0.48637 0.42909
0.41777 0.30806
0.79774 0.31899
0.70881 0.6166
0.6166 0.29119
0.31698 0.65807
0.24404 0.41069
0.5902 0.46612
0.5209 0.62508
0.83971 0.48354
0.4821 0.3467
0.48528 0.32167
0.59829 0.60553
0.88568 0.71761
0.58526 0.97863
0.021365 0.58526
0.97863 0.41474
0.41474 0.021365
0.44005 0.38048
0.97966 0.75739
0.75739 0.020338
0.24261 0.97966
0.020338 0.24261
0.52267 0.77803
0.22197 0.52267
0.47917 0.49396
0.53302 0.86659
0.13341 0.53302
0.86586 0.46902
0.46905 0.13373
0.48431 0.15036
0.022218 0.45981
0.45981 0.97778
0.54019 0.022218
0.97778 0.54019
0.49341 0.69232
0.30878 0.49234
0.32972 0.34687
0.79721 0.97938
0.020619 0.79721
0.97938 0.20279
0.20279 0.020619
0.97938 0.79721
0.79721 0.020619
0.20279 0.97938
0.020619 0.20279
0.94489 0.74477
0.74478 0.055215
0.25522 0.94479
0.055215 0.25522
0.8714 0.90015
0.90015 0.1286
0.099854 0.8714
0.1286 0.099854
0.43454 0.43617
0.86972 0.60213
0.4003 0.86956
0.59966 0.13046
0.63617 0.59026
0.89361 0.63057
0.55486 0.83471
0.16529 0.55486
0.34204 0.55555
0.97889 0.086632
0.086632 0.021108
0.91337 0.021108
0.91337 0.97889
0.021108 0.91337
0.97905 0.91311
0.021108 0.086632
0.086632 0.97889
0.34559 0.76009
0.92392 0.55737
0.55737 0.07608
0.44263 0.92392
0.07608 0.44263
0.81781 0.41102
0.71954 0.78797
0.21201 0.71971
0.39525 0.39142
0.56935 0.39436
0.30948 0.33918
0.57131 0.58042
0.58591 0.54094
0.3555 0.49067
0.39126 0.67912
0.59451 0.36474
0.78784 0.28037
0.28011 0.21218
0.76987 0.74159
0.74289 0.23091
0.65433 0.13908
0.34231 0.31645
0.73209 0.34676
0.76798 0.64829
0.64829 0.23202
0.78803 0.48039
0.56868 0.557
0.78784 0.59885
0.59885 0.21216
0.65392 0.73259
0.72727 0.56067
0.56067 0.27273
0.3988 0.72078
0.66296 0.33466
0.52068 0.65816
0.31773 0.52276
0.53352 0.38332
0.44651 0.31974
0.78703 0.88299
0.11701 0.78703
0.88299 0.21297
0.21297 0.11701
0.2404 0.65885
0.6854 0.66189
0.61435 0.68349
0.52293 0.68224
0.76018 0.89164
0.10836 0.76018
0.89164 0.23982
0.23982 0.10836
0.66764 0.62374
0.36851 0.7953
0.2047 0.36851
0.50079 0.95654
0.04346 0.50079
0.95654 0.49921
0.49921 0.04346
0.94957 0.080957
0.080957 0.05043
0.91983 0.94884
0.051155 0.91983
0.40696 0.27462
0.37681 0.25511
0.47503 0.57718
0.40022 0.59402
0.92359 0.77615
0.77615 0.076407
0.22385 0.92359
0.076407 0.22385
0.47059 0.74699
0.25235 0.47374
0.27892 0.43062
0.63958 0.54962
0.42899 0.68277
0.66319 0.31348
0.5703 0.33344
0.88805 0.049621
0.95067 0.8884
0.049621 0.11195
0.11195 0.95038
0.43449 0.58526
0.83303 0.34418
0.34381 0.16791
0.6302 0.10552
0.36958 0.89483
0.10504 0.36998
0.69717 0.41852
0.78506 0.95042
0.049583 0.78506
0.95316 0.21466
0.21466 0.046843
0.95032 0.78527
0.78527 0.049683
0.21473 0.95032
0.049683 0.21473
0.75279 0.31501
0.43356 0.72193
0.26023 0.33185
0.45127 0.49728
0.59979 0.022017
0.97798 0.59979
0.40021 0.97798
0.022017 0.40021
0.50646 0.9199
0.080101 0.50646
0.9199 0.49354
0.49354 0.080101
0.57455 0.95112
0.048876 0.57455
0.95112 0.42545
0.42545 0.048876
0.23805 0.34419
0.82224 0.65662
0.65666 0.17739
0.55667 0.65801
0.68732 0.75384
0.41872 0.61766
0.65577 0.8332
0.16723 0.65589
0.25639 0.76916
0.23084 0.25639
0.74976 0.2724
0.98014 0.019864
0.019864 0.019864
0.98014 0.98014
0.019864 0.98014
0.66487 0.56819
0.97998 0.048947
0.048947 0.020023
0.94968 0.019346
0.019346 0.050322
0.97998 0.95105
0.94968 0.98065
0.048947 0.97998
0.019346 0.94968
0.41642 0.70986
0.59012 0.90991
0.090092 0.59012
0.5844 0.89006
0.10994 0.5844
0.90991 0.40988
0.89006 0.4156
0.40988 0.090092
0.4156 0.10994
0.62707 0.92824
0.071758 0.62707
0.92824 0.37293
0.37293 0.071758
0.6927 0.052121
0.3073 0.94788
0.052121 0.3073
0.72911 0.47619
0.46803 0.2631
0.61402 0.47983
0.82003 0.71864
0.71864 0.17997
0.34791 0.79611
0.2032 0.34727
0.46054 0.55966
0.67352 0.60297
0.87179 0.70337
0.74367 0.87377
0.12623 0.74367
0.87377 0.25633
0.25633 0.12623
0.32658 0.46531
0.3426 0.42281
0.32282 0.86
0.14 0.32282
0.45576 0.81948
0.18052 0.45576
0.48022 0.38807
0.44085 0.88008
0.88008 0.55915
0.11992 0.44085
0.55915 0.11992
0.41146 0.40345
0.44515 0.16268
0.7269 0.69697
0.69928 0.27396
0.63485 0.70197
0.65962 0.69583
0.36487 0.75499
0.9276 0.71788
0.63787 0.97997
0.020026 0.63787
0.97997 0.36213
0.36213 0.020026
0.56121 0.92345
0.076554 0.56121
0.92345 0.43879
0.43879 0.076554
0.90872 0.080864
0.080864 0.091282
0.91851 0.91042
0.089578 0.91851
0.44912 0.77937
0.22064 0.44918
0.84615 0.05274
0.94726 0.84615
0.05274 0.15385
0.15385 0.94726
0.4252 0.65665
0.40565 0.55786
0.58745 0.82108
0.18015 0.58797
0.52244 0.4558
0.50128 0.17829
0.44871 0.75497
0.51362 0.93639
0.06361 0.51362
0.93639 0.48638
0.48638 0.06361
0.5959 0.4454
0.2767 0.81882
0.28724 0.84056
0.18118 0.2767
0.15944 0.28724
0.42023 0.28827
0.68886 0.88272
0.11728 0.68886
0.88272 0.31114
0.31114 0.11728
0.78143 0.77468
0.22539 0.78245
0.77459 0.2177
0.21755 0.22539
0.34127 0.65827
0.7564 0.85531
0.14469 0.7564
0.85531 0.2436
0.2436 0.14469
0.50306 0.35671
0.27261 0.98105
0.018951 0.27261
0.98105 0.72739
0.72739 0.018951
0.26907 0.25223
0.34041 0.19947
0.2547 0.7291
0.69108 0.5651
0.56496 0.30939
0.29939 0.725
0.57441 0.37151
0.60449 0.72411
0.49336 0.79961
0.20039 0.49336
0.84113 0.71229
0.71222 0.15957
0.42924 0.95113
0.048868 0.42924
0.95113 0.57076
0.57076 0.048868
0.80048 0.5007
0.41452 0.57875
0.62248 0.83735
0.16265 0.62248
0.5364 0.76527
0.23473 0.5364
0.83739 0.37752
0.37752 0.16261
0.84931 0.85129
0.14871 0.84931
0.85129 0.15069
0.15069 0.14871
0.31213 0.74326
0.33821 0.25553
0.41099 0.17833
0.46897 0.41684
0.53518 0.41917
0.81336 0.81471
0.18529 0.81336
0.80502 0.19253
0.19253 0.19498
0.73236 0.43767
0.3425 0.82334
0.17666 0.3425
0.28985 0.6281
0.79716 0.74022
0.26455 0.79907
0.74022 0.20284
0.20093 0.26455
0.3825 0.70024
0.54653 0.48388
0.68647 0.91116
0.088838 0.68647
0.91116 0.31353
0.31353 0.088838
0.59025 0.84861
0.15139 0.59025
0.84758 0.41016
0.41033 0.15151
0.30068 0.3745
0.36387 0.47173
0.72173 0.84509
0.15491 0.72173
0.84509 0.27827
0.27827 0.15491
0.37509 0.41158
0.44643 0.84074
0.15926 0.44643
0.88984 0.75872
0.75927 0.11007
0.24073 0.88993
0.11007 0.24073
0.33436 0.69036
0.25528 0.3133
0.6728 0.53033
0.32093 0.56286
0.90432 0.83902
0.83999 0.095577
0.16001 0.90442
0.095577 0.16001
0.29284 0.58844
0.93348 0.64901
0.64958 0.066797
0.35042 0.9332
0.066797 0.35042
0.4003 0.20892
0.24704 0.45255
0.63631 0.79646
0.55504 0.46743
0.98123 0.69118
0.69118 0.018768
0.30882 0.98123
0.018768 0.30882
0.51958 0.98089
0.019112 0.51958
0.98089 0.48042
0.48042 0.019112
0.83398 0.31987
0.31987 0.16602
0.28172 0.19309
0.80691 0.28172
0.29911 0.41087
0.29871 0.80367
0.19633 0.29871
0.47908 0.29676
0.46761 0.90393
0.096073 0.46761
0.90393 0.53239
0.53239 0.096073
0.53245 0.58888
0.45227 0.52421
0.84314 0.55232
0.55233 0.15687
0.34071 0.72424
0.76241 0.98079
0.019212 0.76241
0.98079 0.23759
0.23759 0.019212
0.3326 0.74187
0.43049 0.49079
0.24119 0.3628
0.19315 0.71796
0.71796 0.80685
0.83142 0.751
0.24942 0.83197
0.751 0.16858
0.16803 0.24942
0.15096 0.37773
0.83789 0.44463
0.76875 0.48579
0.9809 0.10566
0.10566 0.019098
0.89434 0.9809
0.019098 0.89434
0.89434 0.019098
0.9809 0.89434
0.019098 0.10566
0.10566 0.9809
0.39879 0.3142
0.55546 0.73058
0.26942 0.55546
0.69546 0.38393
0.12592 0.40221
0.68003 0.83419
0.16581 0.68003
0.95815 0.5974
0.5974 0.041853
0.4026 0.95815
0.041853 0.4026
0.6181 0.32815
0.77973 0.40003
0.76064 0.57785
0.57785 0.23936
0.45122 0.69283
0.25854 0.6644
0.61578 0.53055
0.87385 0.74627
0.74587 0.12592
0.25413 0.87408
0.12592 0.25413
0.95631 0.046716
0.046716 0.04369
0.95878 0.95293
0.049719 0.95945
0.31836 0.42905
0.46723 0.4677
0.85584 0.67759
0.28818 0.69318
0.95996 0.75889
0.75889 0.040042
0.24111 0.95996
0.040042 0.24111
0.7203 0.88881
0.11119 0.7203
0.88881 0.2797
0.2797 0.11119
0.7487 0.81046
0.18954 0.7487
0.8104 0.25133
0.25133 0.1896
0.69175 0.63554
0.63569 0.30916
0.75616 0.70476
0.70476 0.24384
0.49489 0.65793
0.54513 0.95822
0.041784 0.54513
0.95822 0.45487
0.45487 0.041784
0.56355 0.71216
0.28853 0.56558
0.70022 0.36365
0.27504 0.29866
0.53841 0.36525
0.72927 0.58617
0.58617 0.27073
0.36952 0.7361
0.52216 0.79693
0.20307 0.52216
0.83482 0.90842
0.09158 0.83482
0.84926 0.89137
0.10863 0.84926
0.90842 0.16518
0.89137 0.15074
0.16518 0.09158
0.15074 0.10863
0.7674 0.29363
0.27614 0.75102
0.24838 0.27551
0.5031 0.20102
0.53237 0.56344
0.73007 0.087402
0.26993 0.9126
0.087402 0.26993
0.79787 0.55663
0.55663 0.20214
0.64725 0.93793
0.062066 0.64725
0.93793 0.35275
0.35275 0.062066
0.31446 0.8239
0.1761 0.31446
0.74059 0.64571
0.64571 0.25941
0.73467 0.74899
0.83011 0.52144
0.44605 0.61809
0.80254 0.6996
0.69935 0.19736
0.85777 0.95862
0.041378 0.85777
0.95862 0.14223
0.14223 0.041378
0.55661 0.67411
0.26964 0.35559
0.43618 0.41856
0.27676 0.96096
0.039045 0.27676
0.96111 0.7238
0.72324 0.039045
0.56263 0.51784
0.66949 0.4614
0.9427 0.59719
0.59719 0.057298
0.40281 0.9427
0.057298 0.40281
0.77858 0.82993
0.17007 0.77858
0.82993 0.22142
0.22142 0.17007
0.70778 0.7683
0.6265 0.4626
0.68655 0.98074
0.019265 0.68655
0.98074 0.31345
0.31345 0.019265
0.64008 0.5358
0.26673 0.3967
0.74613 0.90806
0.091936 0.74613
0.90806 0.25387
0.25387 0.091936
0.92322 0.75673
0.75673 0.076737
0.24327 0.92326
0.076737 0.24327
0.53826 0.92953
0.070474 0.53826
0.92953 0.46174
0.46174 0.070474
0.65789 0.55028
0.91307 0.79385
0.79385 0.086926
0.20615 0.91307
0.086926 0.20615
0.60156 0.5479
0.82411 0.95588
0.04412 0.82411
0.95588 0.17589
0.17589 0.04412
0.53369 0.70096
0.29935 0.53166
0.85558 0.92965
0.070349 0.85558
0.92965 0.14442
0.14442 0.070349
0.60096 0.98316
0.016844 0.60096
0.98316 0.39904
0.39904 0.016844
0.71967 0.36723
0.80074 0.65211
0.65211 0.19926
0.84801 0.82576
0.17424 0.84801
0.82585 0.15475
0.15475 0.17415
0.82569 0.68139
0.68165 0.17989
0.65645 0.63892
0.35543 0.54917
0.7855 0.80847
0.19153 0.7855
0.80954 0.21483
0.21483 0.19046
0.59416 0.3438
0.67418 0.49313
0.67326 0.38524
0.98282 0.51509
0.51509 0.01718
0.48491 0.98282
0.01718 0.48491
0.67387 0.35413
0.52436 0.17082
0.60624 0.64443
0.35848 0.72209
0.49046 0.54524
0.51782 0.85251
0.14749 0.51782
0.98226 0.57794
0.57794 0.017737
0.42206 0.98226
0.017737 0.42206
0.65772 0.42569
0.59999 0.93532
0.064677 0.59999
0.93532 0.40001
0.40001 0.064677
0.93503 0.81066
0.81066 0.064973
0.18934 0.93503
0.064973 0.18934
0.63895 0.41538
0.89321 0.58981
0.40658 0.89207
0.59342 0.10793
0.79356 0.91321
0.086793 0.79356
0.91321 0.20644
0.20644 0.086793
0.47943 0.6784
0.85818 0.044894
0.95511 0.85818
0.044894 0.14182
0.14182 0.95511
0.8721 0.81964
0.87902 0.84207
0.84178 0.12129
0.8197 0.12789
0.1803 0.87211
0.15822 0.87871
0.12129 0.15822
0.12789 0.1803
0.53202 0.73228
0.26772 0.53202
0.56306 0.74547
0.25444 0.56262
0.70445 0.13302
0.29581 0.8669
0.1331 0.29581
0.75359 0.46841
0.92704 0.043942
0.043942 0.072956
0.95607 0.92316
0.073162 0.95579
0.70748 0.66904
0.66754 0.29095
0.39505 0.49756
0.62393 0.56405
0.81182 0.57683
0.57683 0.18818
0.23956 0.7458
0.75994 0.25468
0.2542 0.23956
0.23086 0.71125
0.91452 0.10429
0.89568 0.91839
0.10429 0.085476
0.081606 0.89568
0.74948 0.7246
0.72445 0.25177
0.26306 0.37008
0.62042 0.77745
0.73842 0.68604
0.68621 0.26164
0.63278 0.86711
0.13289 0.63278
0.86688 0.36685
0.36685 0.13312
0.82303 0.47064
0.28874 0.23091
0.33324 0.29323
0.51965 0.3401
0.49215 0.25977
0.79014 0.83813
0.16187 0.79014
0.83819 0.20988
0.20988 0.16181
0.8383 0.78572
0.21428 0.8383
0.78594 0.16425
0.16425 0.21406
0.66725 0.66188
0.72337 0.9352
0.064799 0.72337
0.9352 0.27663
0.27663 0.064799
0.31092 0.68834
0.65937 0.92418
0.075821 0.65937
0.92418 0.34063
0.34063 0.075821
0.528 0.9029
0.097101 0.528
0.9029 0.472
0.472 0.097101
0.41593 0.78412
0.21521 0.41541
0.5083 0.52999
0.70193 0.39782
0.80641 0.39702
0.28916 0.78462
0.21538 0.28916
0.34631 0.33066
0.80183 0.6308
0.6308 0.19817
0.10899 0.42286
0.76245 0.96001
0.039993 0.76245
0.95928 0.23819
0.23819 0.040716
0.65078 0.47792
0.50395 0.3189
0.37791 0.43776
0.54481 0.4507
0.76947 0.35402
0.87599 0.069188
0.93081 0.87599
0.069188 0.12401
0.12401 0.93081
0.83838 0.58319
0.58321 0.16159
0.88992 0.57579
0.42384 0.8898
0.57616 0.1102
0.33791 0.62705
0.63363 0.45156
0.22191 0.62162
0.36815 0.36566
0.80002 0.42935
0.82453 0.87408
0.12592 0.82453
0.87408 0.17547
0.17547 0.12592
0.35647 0.69344
0.336 0.51975
0.79074 0.72638
0.72638 0.20926
0.79753 0.36523
0.60086 0.78762
0.21255 0.60109
0.33192 0.36713
0.44483 0.26163
0.7767 0.45079
0.53699 0.31079
0.48532 0.22929
0.94843 0.037893
0.037893 0.051574
0.94811 0.96016
0.039665 0.9483
0.76188 0.61076
0.61076 0.23812
0.37535 0.95206
0.047942 0.37535
0.95206 0.62465
0.62465 0.047942
0.77704 0.9199
0.080105 0.77704
0.92013 0.22285
0.22285 0.079875
0.78679 0.46418
0.83603 0.68938
0.6896 0.16335
0.39595 0.73546
0.41699 0.76891
0.72221 0.71772
0.96075 0.82233
0.82233 0.03925
0.17767 0.96075
0.03925 0.17767
0.70848 0.63171
0.63174 0.29164
0.61173 0.87947
0.12053 0.61173
0.87947 0.38827
0.38827 0.12053
0.63347 0.66598
0.37325 0.50755
0.89938 0.88246
0.88283 0.10049
0.11754 0.89938
0.10049 0.11717
0.84359 0.98393
0.016074 0.84359
0.98393 0.15641
0.15641 0.016074
0.84372 0.016625
0.98337 0.84372
0.016625 0.15628
0.15628 0.98337
0.93212 0.67908
0.78023 0.71309
0.71309 0.21977
0.48844 0.50805
0.73114 0.061438
0.26886 0.93856
0.061438 0.26886
0.92708 0.59325
0.59325 0.072923
0.40675 0.92708
0.072923 0.40675
0.49555 0.85878
0.14122 0.49555
0.85878 0.50445
0.50473 0.14099
0.76138 0.75322
0.75573 0.23338
0.58 0.52875
0.79356 0.52851
0.52879 0.2065
0.4653 0.19265
0.42088 0.83429
0.16571 0.42088
0.32518 0.48675
0.43981 0.56477
0.76095 0.67075
0.67075 0.23905
0.72142 0.33608
0.51899 0.43465
0.70673 0.82648
0.17352 0.7067
0.46235 0.96299
0.96299 0.53765
0.037012 0.46235
0.53765 0.037012
0.46844 0.37243
0.7432 0.77873
0.21917 0.74471
0.78059 0.25542
0.25528 0.21916
0.82632 0.29333
0.29333 0.1737
0.96067 0.69898
0.53277 0.3292
0.46734 0.79534
0.20466 0.46734
0.57044 0.87606
0.12394 0.57044
0.87612 0.42959
0.42959 0.12388
0.20155 0.63436
0.78178 0.58079
0.58079 0.21822
0.30851 0.28697
0.51599 0.88096
0.11904 0.51599
0.88182 0.48393
0.48397 0.1179
0.67051 0.98403
0.015973 0.67051
0.32949 0.015973
0.98403 0.32949
0.66632 0.7174
0.85458 0.76392
0.23608 0.85458
0.76392 0.14542
0.14542 0.23608
0.50838 0.58864
0.52274 0.53528
0.68006 0.94634
0.053662 0.68006
0.94634 0.31994
0.31994 0.053662
0.49525 0.63567
0.76003 0.54967
0.54965 0.23999
0.80084 0.76213
0.23787 0.80084
0.76213 0.19916
0.19916 0.23787
0.84467 0.52248
0.5206 0.15706
0.69413 0.31284
0.34637 0.49795
0.36646 0.82942
0.17153 0.36694
0.54812 0.80323
0.19677 0.54812
0.65051 0.08245
0.34949 0.91755
0.08245 0.34949
0.37078 0.21788
0.27389 0.78444
0.21556 0.27389
0.38953 0.35455
0.69372 0.44014
0.5902 0.73362
0.40753 0.33519
0.42295 0.34608
0.72877 0.8689
0.1311 0.72877
0.8689 0.27123
0.27123 0.1311
0.31465 0.63548
0.71827 0.45668
0.47872 0.171
0.85944 0.58508
0.41567 0.86046
0.58508 0.14056
0.14297 0.41327
0.91424 0.57354
0.57354 0.085755
0.42646 0.91424
0.085009 0.425
0.302 0.35755
0.81178 0.73539
0.73539 0.18822
0.36886 0.66814
0.59938 0.41104
0.45124 0.1948
0.80649 0.79942
0.20058 0.80649
0.81361 0.17958
0.17958 0.18639
0.94056 0.72934
0.50087 0.8828
0.1172 0.50087
0.88285 0.49917
0.49913 0.11704
0.37425 0.81037
0.18988 0.37421
0.54939 0.34005
0.3319 0.71265
0.43522 0.54793
0.90756 0.73676
0.68957 0.5398
0.2436 0.76706
0.23294 0.2436
0.37463 0.64285
0.39778 0.65473
0.36785 0.52091
0.33577 0.24171
0.51869 0.35686
0.38729 0.78431
0.21647 0.38726
0.38503 0.53353
0.38468 0.47539
0.36374 0.70956
0.89049 0.086244
0.91244 0.89069
0.086244 0.10951
0.10931 0.91244
0.50239 0.725
0.275 0.50239
0.74405 0.76278
0.51475 0.30671
0.87379 0.61306
0.81152 0.83142
0.16858 0.81152
0.83027 0.18807
0.18807 0.16973
0.85486 0.48139
0.65416 0.76918
0.55198 0.84907
0.15093 0.55198
0.48124 0.83132
0.16868 0.48124
0.7348 0.26062
0.75215 0.93344
0.066556 0.75215
0.93336 0.24807
0.24807 0.06664
0.52346 0.27386
0.40907 0.68952
0.74285 0.52716
0.95413 0.11975
0.11975 0.045868
0.88025 0.95413
0.045868 0.88025
0.80761 0.59501
0.59501 0.19239
0.6224 0.49875
0.49893 0.38038
0.39215 0.27268
0.69292 0.69841
0.50937 0.74139
0.25861 0.50937
0.35131 0.60882
0.73981 0.98603
0.013973 0.73981
0.98603 0.26019
0.26019 0.013973
0.19206 0.65544
0.47167 0.40078
0.36235 0.31226
0.37512 0.32445
0.92981 0.071667
0.071667 0.070188
0.92833 0.92934
0.070626 0.92814
0.83205 0.074091
0.92591 0.83205
0.074091 0.16795
0.16795 0.92591
0.28535 0.64278
0.44362 0.016053
0.98395 0.44362
0.016053 0.55638
0.55638 0.98395
0.90603 0.68857
0.38202 0.29513
0.65805 0.49476
0.28586 0.32814
0.83796 0.84096
0.15904 0.83796
0.84342 0.16196
0.16196 0.15658
0.83484 0.41273
0.64275 0.5188
0.79006 0.67802
0.67802 0.20994
0.70142 0.33724
0.71389 0.27777
0.73751 0.41267
0.61971 0.12683
0.38008 0.87331
0.77228 0.68466
0.68466 0.22772
0.67595 0.066577
0.32405 0.93342
0.066577 0.32405
0.64941 0.39421
0.27924 0.41767
0.53475 0.50626
0.61266 0.61427
0.43424 0.24187
0.51969 0.56003
0.26462 0.58658
0.34256 0.6423
0.78103 0.41338
0.33462 0.39947
0.42989 0.79335
0.20646 0.4298
0.28599 0.72815
0.35831 0.34451
0.26556 0.81293
0.18707 0.26556
0.35306 0.44091
0.25813 0.69124
0.5001 0.76635
0.23365 0.5001
0.45329 0.91104
0.91104 0.54671
0.088958 0.45329
0.54671 0.088958
0.33692 0.45725
0.73652 0.49497
0.90308 0.61769
0.4983 0.4835
0.688 0.088901
0.312 0.9111
0.088901 0.312
0.66597 0.8664
0.65776 0.85463
0.1336 0.66597
0.14537 0.65776
0.8664 0.33403
0.85459 0.34222
0.33403 0.1336
0.34222 0.14541
0.31233 0.25965
0.47317 0.87763
0.12237 0.47317
0.87788 0.5277
0.5277 0.12212
0.36027 0.26932
0.85928 0.091523
0.90848 0.85928
0.091523 0.14072
0.14072 0.90848
0.57347 0.62523
0.46514 0.85361
0.14639 0.46514
0.7513 0.38283
0.45285 0.93472
0.93472 0.54715
0.065285 0.45285
0.54715 0.065285
0.83706 0.65307
0.65324 0.16323
0.3685 0.19948
0.81104 0.68453
0.68607 0.19223
0.11454 0.40617
0.52626 0.25736
0.31961 0.77437
0.32084 0.79369
0.22557 0.31958
0.20631 0.32084
0.30673 0.8347
0.1653 0.30673
0.60151 0.81288
0.18627 0.60369
0.55342 0.55495
0.4791 0.92918
0.07082 0.4791
0.92918 0.5209
0.5209 0.07082
0.48981 0.45758
0.64961 0.11603
0.35039 0.88397
0.11603 0.35039
0.53605 0.65554
0.77187 0.70071
0.70071 0.22813
0.40197 0.81
0.19 0.40197
0.37911 0.92757
0.072425 0.37911
0.92759 0.62068
0.62089 0.072425
0.98589 0.61934
0.61934 0.014112
0.014112 0.38066
0.38066 0.98589
0.23451 0.44229
0.5152 0.50558
0.85291 0.53879
0.53853 0.14735
0.14092 0.36979
0.40278 0.45259
0.25705 0.98071
0.019293 0.25705
0.98075 0.74299
0.74295 0.019293
0.75872 0.79947
0.20053 0.75872
0.79946 0.24129
0.24129 0.20054
0.7068 0.48669
0.95217 0.51341
0.51341 0.047828
0.48659 0.95217
0.047828 0.48659
0.56951 0.76284
0.23716 0.56951
0.43227 0.31479
0.82192 0.76459
0.23541 0.82192
0.76459 0.17808
0.17808 0.23541
0.98737 0.67725
0.67725 0.012634
0.32275 0.98737
0.012634 0.32275
0.36795 0.2922
0.33634 0.96065
0.039353 0.33634
0.96055 0.66351
0.66366 0.039353
0.69514 0.039716
0.039716 0.30486
0.30486 0.96028
0.41365 0.47588
0.83215 0.6312
0.6306 0.16946
0.90567 0.94257
0.94264 0.094544
0.05743 0.90567
0.094544 0.057362
0.7317 0.96315
0.036852 0.7317
0.96315 0.2683
0.2683 0.036852
0.43634 0.86605
0.86655 0.5618
0.13395 0.43634
0.5618 0.13345
0.78358 0.98585
0.014148 0.78358
0.2174 0.98534
0.014665 0.2174
0.98534 0.7826
0.7826 0.014665
0.98562 0.21665
0.21665 0.014378
0.39545 0.18365
0.45999 0.44726
0.69629 0.46238
0.33979 0.59331
0.34705 0.57855
0.37438 0.84391
0.78301 0.37387
0.67805 0.89862
0.10138 0.67805
0.89862 0.32195
0.32195 0.10138
0.42565 0.19678
0.57456 0.8629
0.1371 0.57456
0.86175 0.42632
0.42607 0.13777
0.73442 0.83672
0.16328 0.73442
0.83671 0.26559
0.26559 0.16329
0.34453 0.83833
0.16182 0.34487
0.27497 0.34062
0.27769 0.84788
0.15212 0.27769
0.91803 0.65023
0.71066 0.85598
0.14402 0.71066
0.85598 0.28934
0.28934 0.14402
0.6731 0.40888
0.76042 0.41993
0.61693 0.097992
0.38305 0.90203
0.097788 0.38304
0.64574 0.69531
0.72874 0.61479
0.61479 0.27126
0.42853 0.80892
0.19106 0.42851
0.49505 0.60592
0.86109 0.64401
0.86446 0.88619
0.11381 0.86446
0.88619 0.13554
0.13554 0.11381
0.4494 0.14737
0.47372 0.61732
0.28461 0.90196
0.71539 0.098039
0.098039 0.28461
0.53421 0.75089
0.24911 0.53421
0.31403 0.8092
0.1908 0.31403
0.84839 0.72269
0.72254 0.15177
0.40209 0.36655
0.55303 0.63322
0.6848 0.84811
0.15189 0.6848
0.84804 0.31515
0.31515 0.15196
0.81064 0.44617
0.43967 0.64946
0.41687 0.63477
0.82094 0.84398
0.15602 0.82094
0.84442 0.17846
0.17846 0.15558
0.44144 0.76623
0.68362 0.5081
0.90126 0.057954
0.94176 0.90073
0.057954 0.09874
0.098742 0.94204
0.6086 0.95913
0.040874 0.6086
0.95913 0.3914
0.3914 0.040874
0.47949 0.84702
0.15298 0.47949
0.69763 0.5801
0.58011 0.30273
0.59535 0.75749
0.24289 0.59652
0.87049 0.98627
0.01373 0.87049
0.12957 0.98614
0.013856 0.12957
0.98614 0.87043
0.87043 0.013856
0.98627 0.12951
0.12951 0.01373
0.81378 0.6211
0.62104 0.18637
0.62246 0.95708
0.042925 0.62246
0.95708 0.37754
0.37754 0.042925
0.82739 0.55019
0.55078 0.17238
0.77417 0.63013
0.63013 0.22583
0.2416 0.39632
0.88542 0.63977
0.64155 0.90313
0.096872 0.64155
0.90313 0.35845
0.35845 0.096872
0.47101 0.43189
0.50954 0.40693
0.59302 0.50957
0.50623 0.62421
0.98504 0.064531
0.064531 0.014963
0.93532 0.014771
0.98494 0.93542
0.014771 0.064677
0.93514 0.98537
0.014631 0.93514
0.064391 0.98489
0.39661 0.48304
0.31694 0.38023
0.31819 0.57732
0.49243 0.1641
0.86028 0.070029
0.92997 0.86028
0.070029 0.13972
0.13972 0.92997
0.41763 0.36247
0.71298 0.58721
0.58704 0.28691
0.4419 0.4855
0.58079 0.68346
0.45167 0.36973
0.8841 0.81158
0.81158 0.1159
0.18842 0.8841
0.1159 0.18842
0.83003 0.81174
0.18826 0.83003
0.58232 0.47766
0.62077 0.36171
0.71205 0.55711
0.55711 0.28795
0.43307 0.46068
0.47616 0.71148
0.28637 0.47579
0.27016 0.28382
0.70619 0.069932
0.29381 0.93007
0.069932 0.29381
0.90853 0.70249
0.27093 0.60977
0.73885 0.62793
0.62793 0.26115
0.22017 0.65439
0.28498 0.57653
0.35763 0.4167
0.28563 0.30668
0.38826 0.22253
0.52013 0.38743
0.41351 0.26139
0.81117 0.26877
0.26877 0.18883
0.71782 0.53283
0.44553 0.39473
0.52336 0.42412
0.81478 0.85918
0.14082 0.81478
0.85925 0.18512
0.18512 0.14075
0.64349 0.72327
0.81304 0.34288
0.36722 0.96422
0.03578 0.36722
0.96422 0.63278
0.63278 0.03578
0.41914 0.54931
0.53096 0.83156
0.16844 0.53096
0.48874 0.87318
0.87287 0.51137
0.12682 0.48874
0.51141 0.12707
0.44722 0.63427
0.40993 0.43842
0.35749 0.86066
0.36389 0.24284
0.24341 0.6411
0.98578 0.035934
0.035934 0.014217
0.96415 0.016747
0.016747 0.035854
0.98578 0.96407
0.96415 0.98325
0.035794 0.98323
0.014144 0.96396
0.49493 0.89853
0.10147 0.49493
0.89854 0.50508
0.50507 0.10145
0.57495 0.80327
0.19627 0.57486
0.23007 0.41643
0.47419 0.47933
0.96613 0.081273
0.081273 0.033868
0.91894 0.96598
0.034022 0.91894
0.93523 0.9564
0.044255 0.93491
0.84464 0.95116
0.04884 0.84464
0.95116 0.15536
0.15536 0.04884
0.47389 0.2164
0.38486 0.42448
0.4519 0.29412
0.52947 0.71687
0.28443 0.53175
0.50208 0.51526
0.78954 0.51026
0.65691 0.8138
0.71032 0.50216
0.38501 0.59472
0.804 0.48697
0.63687 0.76236
0.6427 0.83145
0.16905 0.64257
0.43514 0.93652
0.063483 0.43514
0.93652 0.56486
0.56486 0.063483
0.54358 0.87473
0.12527 0.54358
0.87435 0.45666
0.85863 0.45571
0.45625 0.12523
0.90147 0.81758
0.81758 0.098528
0.18242 0.90147
0.098528 0.18242
0.83121 0.35737
0.35703 0.169
0.34608 0.18018
0.60252 0.86992
0.13008 0.60252
0.86992 0.39748
0.39748 0.13008
0.7312 0.81113
0.18887 0.7312
0.68096 0.72514
0.38884 0.24498
0.84094 0.91964
0.080364 0.84094
0.91964 0.15906
0.15906 0.080364
0.61777 0.6687
0.79037 0.1935
0.1935 0.20963
0.66961 0.37055
0.36493 0.44615
0.82096 0.90305
0.096947 0.82096
0.90305 0.17904
0.17904 0.096947
0.58312 0.3338
0.62834 0.74292
0.77125 0.53902
0.53901 0.22875
0.56526 0.49809
0.76991 0.85905
0.14095 0.76991
0.85905 0.23009
0.23009 0.14095
0.73846 0.67183
0.67183 0.26154
0.74515 0.44387
0.72843 0.38992
0.57158 0.98539
0.014611 0.57158
0.42842 0.014611
0.98539 0.42842
0.81376 0.88673
0.11327 0.81376
0.88673 0.18624
0.18624 0.11327
0.54918 0.42786
0.59021 0.67402
0.61209 0.84509
0.15491 0.61209
0.58999 0.83557
0.16461 0.59006
0.84505 0.38807
0.38806 0.15497
0.3147 0.31328
0.66428 0.39631
0.90362 0.11708
0.88566 0.90452
0.11708 0.09638
0.095477 0.88566
0.40141 0.42564
0.25889 0.6326
0.79164 0.96464
0.035356 0.79164
0.96534 0.20651
0.20651 0.034662
0.96512 0.79268
0.79268 0.034885
0.20732 0.96512
0.034885 0.20732
0.48333 0.27039
0.6941 0.93599
0.064011 0.6941
0.93599 0.3059
0.3059 0.064011
0.50606 0.79498
0.20502 0.50606
0.4018 0.7925
0.20781 0.40134
0.61349 0.90715
0.092847 0.61349
0.90715 0.38651
0.38651 0.092847
0.43928 0.67887
0.66424 0.96225
0.037753 0.66424
0.96225 0.33576
0.33576 0.037753
0.81869 0.60563
0.60563 0.18124
0.45704 0.59444
0.26662 0.73877
0.73168 0.12097
0.26833 0.87903
0.12097 0.26833
0.72328 0.31855
0.71129 0.30585
0.75918 0.36631
0.87748 0.73245
0.26393 0.26657
0.39229 0.76089
0.78348 0.31891
0.39521 0.52396
0.65184 0.36742
0.78853 0.65645
0.65645 0.21147
0.81752 0.52846
0.70927 0.91312
0.086877 0.70927
0.91312 0.29073
0.29073 0.086877
0.45839 0.22128
0.7132 0.98496
0.015043 0.7132
0.98496 0.2868
0.2868 0.015043
0.43577 0.73682
0.52761 0.29906
0.32006 0.21727
0.55875 0.95589
0.044109 0.55875
0.95589 0.44125
0.44125 0.044109
0.29125 0.38738
0.52709 0.80921
0.19079 0.52709
0.30392 0.30242
0.26266 0.43595
0.21463 0.68085
0.70282 0.11536
0.29719 0.88463
0.11537 0.29719
0.74507 0.5475
0.54762 0.25495
0.58226 0.49523
0.75311 0.59827
0.59827 0.24689
0.85664 0.70852
0.43307 0.61046
0.50831 0.68723
0.31287 0.5081
0.31104 0.40617
0.63617 0.14063
0.12179 0.37839
0.38882 0.6426
0.71979 0.75924
0.26727 0.38209
0.21803 0.70643
0.80286 0.94282
0.057179 0.80286
0.80796 0.92627
0.07373 0.80796
0.94289 0.19739
0.19739 0.057108
0.9263 0.19205
0.19205 0.073701
0.98656 0.64915
0.64915 0.01344
0.35085 0.98656
0.01344 0.35085
0.834 0.60078
0.60075 0.16577
0.62151 0.98557
0.014433 0.62151
0.98557 0.37849
0.37849 0.014433
0.7511 0.50038
0.65535 0.78495
0.62826 0.85061
0.14939 0.62826
0.85058 0.37172
0.37171 0.14942
0.90007 0.60253
0.44399 0.47038
0.61172 0.15429
0.6212 0.58134
0.91772 0.034385
0.034385 0.082279
0.082593 0.96586
0.66133 0.52261
0.64708 0.44585
0.52472 0.64496
0.575 0.65294
0.33009 0.31049
0.70985 0.73811
0.20713 0.66472
0.47497 0.31137
0.55949 0.40395
0.50148 0.24854
0.64835 0.34003
0.82398 0.77991
0.22009 0.82398
0.77636 0.1755
0.1755 0.22364
0.33187 0.67037
0.42073 0.82081
0.17919 0.42073
0.4272 0.38597
0.73808 0.73327
0.52901 0.18263
0.68718 0.74006
0.70635 0.78432
0.57961 0.96554
0.034458 0.57961
0.96554 0.42039
0.42039 0.034458
0.73725 0.57204
0.57204 0.26275
0.86985 0.66731
0.84039 0.86929
0.13071 0.84039
0.86929 0.15961
0.15961 0.13071
0.62968 0.9422
0.057802 0.62968
0.9422 0.37032
0.37032 0.057802
0.7661 0.82833
0.17167 0.7661
0.82833 0.2339
0.2339 0.17167
0.95659 0.066018
0.066018 0.043415
0.39722 0.83501
0.16379 0.39645
0.53878 0.62292
0.34599 0.38717
0.93525 0.70225
0.29344 0.21833
0.70592 0.88535
0.11465 0.70592
0.88535 0.29408
0.29408 0.11465
0.8883 0.6842
0.67847 0.11266
0.32163 0.88742
0.11261 0.3217
0.43805 0.52765
0.77497 0.89035
0.10965 0.77497
0.89035 0.22503
0.22503 0.10965
0.57903 0.91563
0.084366 0.57903
0.91563 0.42097
0.42097 0.084366
0.74411 0.30475
0.46277 0.66199
0.50434 0.82996
0.17004 0.50434
0.52437 0.47813
0.37241 0.61897
0.85739 0.79985
0.20015 0.85739
0.79956 0.14275
0.14275 0.20044
0.69101 0.7894
0.28892 0.27814
0.73434 0.36217
0.59512 0.31392
0.49028 0.44265
0.46612 0.49639
0.27991 0.71303
0.93574 0.12203
0.87797 0.93574
0.064262 0.87797
0.12203 0.064262
0.89048 0.035796
0.87401 0.04305
0.95695 0.87401
0.96418 0.89041
0.035796 0.10952
0.04305 0.12599
0.12599 0.95695
0.10952 0.9642
0.22998 0.68036
0.76557 0.32263
0.28852 0.26088
0.64822 0.59685
0.7949 0.7781
0.2219 0.79496
0.77809 0.20437
0.20437 0.22191
0.7018 0.52846
0.85861 0.8145
0.81419 0.14201
0.18549 0.85861
0.14201 0.18581
0.25646 0.71687
0.68115 0.76789
0.60272 0.096893
0.39728 0.90311
0.09849 0.39781
0.94487 0.80082
0.80082 0.055127
0.19918 0.94487
0.055127 0.19918
0.9659 0.10775
0.10775 0.034102
0.89225 0.9659
0.034102 0.89225
0.38227 0.73182
0.41435 0.16433
0.39484 0.62868
0.46751 0.2467
0.7289 0.523
0.93827 0.22037
0.22037 0.061726
0.88955 0.77285
0.77293 0.11044
0.22707 0.88956
0.11044 0.22707
0.45449 0.27117
0.88186 0.86596
0.86596 0.11814
0.13404 0.88186
0.11814 0.13404
0.75481 0.64682
0.64682 0.24519
0.3205 0.39465
0.72436 0.50686
0.50325 0.29113
0.77997 0.9364
0.063604 0.77997
0.80039 0.8607
0.1393 0.80039
0.86071 0.19959
0.19959 0.13929
0.93414 0.77918
0.77918 0.065861
0.22082 0.93414
0.065861 0.22082
0.70976 0.41121
0.7369 0.29298
0.82708 0.92827
0.071726 0.82708
0.92827 0.17292
0.17292 0.071726
0.83099 0.4333
0.86453 0.91717
0.082833 0.86453
0.91717 0.13547
0.13547 0.082833
0.47767 0.52065
0.24014 0.6924
0.70776 0.9437
0.056299 0.70776
0.9437 0.29224
0.29224 0.056299
0.75071 0.40996
0.75987 0.27982
0.4689 0.82392
0.17608 0.4689
0.64853 0.98845
0.011552 0.64853
0.98845 0.35147
0.35147 0.011552
0.96272 0.56189
0.56189 0.037276
0.43811 0.96272
0.037276 0.43811
0.71674 0.96694
0.03306 0.71674
0.96694 0.28326
0.28326 0.03306
0.50812 0.27652
0.78389 0.29341
0.69414 0.71485
0.32332 0.23183
0.64298 0.3802
0.6931 0.96402
0.035982 0.6931
0.96402 0.3069
0.3069 0.035982
0.31812 0.84588
0.15412 0.31812
0.41084 0.31971
0.13043 0.34713
0.6638 0.14995
0.31994 0.18912
0.41118 0.53314
0.52854 0.60066
0.28995 0.75823
0.24475 0.2893
0.48845 0.77593
0.22407 0.48845
0.5678 0.93573
0.064268 0.5678
0.93573 0.4322
0.4322 0.064268
0.45636 0.34366
0.44577 0.35511
0.59345 0.92071
0.07929 0.59345
0.92071 0.40655
0.40655 0.07929
0.30819 0.24302
0.5771 0.78926
0.21036 0.57697
0.58895 0.94494
0.055056 0.58895
0.94494 0.41105
0.41105 0.055056
0.39386 0.55162
0.69335 0.28889
0.66017 0.46794
0.77353 0.76377
0.85294 0.44131
0.51176 0.48976
0.53601 0.2795
0.38705 0.61696
0.72117 0.29189
0.64289 0.96686
0.033143 0.64289
0.96686 0.35711
0.35711 0.033143
0.56175 0.36832
0.42144 0.5029
0.70575 0.81034
0.18969 0.70556
0.78324 0.34458
0.51346 0.21046
0.78969 0.60877
0.60877 0.21031
0.59089 0.76974
0.23026 0.59089
0.6202 0.89263
0.10737 0.6202
0.89263 0.3798
0.3798 0.10737
0.42338 0.5216
0.98669 0.70951
0.29053 0.98674
0.70947 0.013258
0.013258 0.29053
0.28142 0.24313
0.67802 0.43832
0.68108 0.81157
0.19035 0.68114
0.33446 0.76857
0.51408 0.71525
0.28483 0.51422
0.37357 0.3786
0.5508 0.53949
0.43211 0.16833
0.86669 0.10249
0.89711 0.86569
0.10249 0.13331
0.13395 0.89724
0.57602 0.5671
0.34617 0.22064
0.42082 0.74266
0.54085 0.57592
0.87074 0.78968
0.21032 0.87074
0.78964 0.12928
0.12928 0.21036
0.67638 0.33743
0.57519 0.83169
0.17099 0.57523
0.66504 0.61034
0.49902 0.75108
0.24892 0.49902
0.28117 0.66831
0.6352 0.64541
0.48709 0.6697
0.69079 0.67357
0.53262 0.98669
0.013309 0.53262
0.98669 0.46738
0.46738 0.013309
0.423 0.69541
0.31385 0.53661
0.82673 0.50447
0.47408 0.35866
0.58637 0.42264
0.78398 0.43616
0.71088 0.69404
0.62803 0.80692
0.35923 0.63923
0.62321 0.71254
0.2404 0.72091
0.69868 0.51364
0.017312 0.44783
0.44783 0.98269
0.98269 0.55217
0.55217 0.017312
0.7593 0.39426
0.45869 0.6104
0.8102 0.29482
0.29556 0.18981
0.01243 0.471
0.471 0.98757
0.529 0.01243
0.98757 0.529
0.38919 0.81506
0.18519 0.38902
0.63028 0.32176
0.24374 0.61066
0.6759 0.69434
0.49255 0.19162
0.73681 0.59876
0.59876 0.26319
0.95691 0.77007
0.22993 0.95691
0.77007 0.043095
0.043095 0.22993
0.66392 0.10719
0.33601 0.89283
0.10721 0.33611
0.56568 0.77956
0.22039 0.56566
0.60186 0.63094
0.55213 0.30385
0.72296 0.9212
0.078803 0.72296
0.9212 0.27704
0.27704 0.078803
0.6534 0.6264
0.30273 0.65943
0.98492 0.76814
0.76814 0.015083
0.23186 0.98492
0.015083 0.23186
0.35236 0.46869
0.53656 0.68427
0.30952 0.60811
0.72973 0.42553
0.37153 0.78165
0.21793 0.37141
0.66418 0.091979
0.33581 0.90802
0.091981 0.33582
0.30782 0.4207
0.84442 0.61112
0.78471 0.55669
0.55669 0.21529
0.39507 0.19772
0.70174 0.086587
0.29826 0.91341
0.086587 0.29826
0.62744 0.62361
0.58515 0.6124
0.48637 0.72556
0.27413 0.48661
0.62707 0.37818
0.31075 0.3274
0.57641 0.71316
0.81132 0.31935
0.49257 0.96612
0.033878 0.49257
0.96612 0.50743
0.50743 0.033878
0.36932 0.59499
0.29901 0.44397
0.55394 0.82028
0.17972 0.55342
0.84913 0.4951
0.43096 0.25705
0.34058 0.54323
0.26559 0.95536
0.04464 0.26559
0.73441 0.04464
0.63878 0.072559
0.36122 0.92744
0.072559 0.36122
0.36122 0.39067
0.58134 0.63643
0.56241 0.60474
0.92189 0.80691
0.80691 0.078105
0.19309 0.92189
0.078105 0.19309
0.81305 0.55907
0.55914 0.18694
0.62323 0.40014
0.82647 0.57707
0.57707 0.17353
0.41634 0.20822
0.33034 0.42852
0.11756 0.59563
0.59563 0.88244
0.40437 0.11756
0.88244 0.40437
0.82725 0.98775
0.012249 0.82725
0.17308 0.98734
0.012664 0.17308
0.98734 0.82692
0.82692 0.012664
0.98775 0.17275
0.17275 0.012249
0.50201 0.43514
0.70921 0.72077
0.4983 0.2345
0.95565 0.73439
0.32152 0.28398
0.47811 0.59031
0.49604 0.41754
0.59787 0.70118
0.60788 0.49102
0.65379 0.74515
0.88743 0.8879
0.1121 0.88743
0.88924 0.11291
0.11291 0.11076
0.34739 0.87106
0.30665 0.71514
0.8104 0.98655
0.013449 0.8104
0.18963 0.98651
0.013492 0.18963
0.98651 0.81037
0.81037 0.013492
0.98655 0.1896
0.1896 0.013449
0.91614 0.67812
0.40587 0.24582
0.58482 0.69868
0.42374 0.41125
0.86633 0.53512
0.53529 0.13371
0.94725 0.81415
0.81415 0.052748
0.18585 0.94725
0.052748 0.18585
0.67682 0.31168
0.23076 0.33338
0.50028 0.70242
0.29785 0.49982
0.63063 0.42662
0.61325 0.4228
0.81907 0.3965
0.21386 0.63167
0.6158 0.73448
0.37245 0.56961
0.67451 0.5189
0.68766 0.13779
0.93367 0.84438
0.84438 0.066334
0.066334 0.15562
0.15562 0.93367
0.60652 0.36341
0.74709 0.84639
0.15361 0.74709
0.84639 0.25291
0.25291 0.15361
0.67984 0.15414
0.55152 0.64819
0.27857 0.4607
0.65136 0.31183
0.6803 0.05011
0.3197 0.94989
0.05011 0.3197
0.41393 0.23355
0.75754 0.43408
0.46874 0.5491
0.46294 0.7801
0.21984 0.46301
0.74105 0.82301
0.17699 0.74105
0.82301 0.25896
0.25896 0.17699
0.69625 0.55218
0.38105 0.67361
0.44683 0.4421
0.35112 0.19602
0.55691 0.75762
0.24202 0.55669
0.43144 0.28252
0.34269 0.80862
0.19128 0.3426
0.61126 0.5193
0.346 0.37086
0.76747 0.49813
0.42752 0.67011
0.4886 0.5778
0.75612 0.78507
0.21408 0.75658
0.78559 0.24361
0.24342 0.21409
0.8019 0.45941
0.95062 0.67855
0.69582 0.92133
0.078675 0.69582
0.92133 0.30418
0.30418 0.078675
0.4129 0.64958
0.25837 0.61808
0.60888 0.44658
0.86358 0.73976
0.73876 0.13599
0.26127 0.86403
0.13597 0.26127
0.43736 0.32816
0.78668 0.62964
0.62964 0.21332
0.4449 0.58939
0.33568 0.79572
0.20394 0.33547
0.51552 0.91226
0.087735 0.51552
0.91226 0.48448
0.48448 0.087735
0.28522 0.61358
0.89541 0.72614
0.65399 0.90841
0.091592 0.65399
0.90841 0.34601
0.34601 0.091592
0.7097 0.14827
0.5648 0.32258
0.95528 0.93909
0.57068 0.89021
0.10979 0.57068
0.89022 0.42932
0.42932 0.10978
0.62601 0.15437
0.69979 0.9866
0.013399 0.69979
0.9866 0.30021
0.30021 0.013399
0.9005 0.92963
0.070369 0.9005
0.92887 0.099979
0.099979 0.071128
0.72223 0.54724
0.8252 0.3717
0.37191 0.17448
0.62842 0.82499
0.17464 0.62837
0.83748 0.5649
0.56514 0.16284
0.75401 0.94878
0.051224 0.75401
0.94866 0.2461
0.2461 0.051336
0.46424 0.7361
0.26012 0.46241
0.81655 0.16676
0.16676 0.18345
0.89503 0.78953
0.78953 0.10497
0.21047 0.89503
0.10497 0.21047
0.64157 0.8802
0.65828 0.87942
0.1198 0.64157
0.12058 0.65828
0.88017 0.35838
0.87942 0.34172
0.35838 0.11983
0.34172 0.12058
0.5051 0.85088
0.14912 0.5051
0.60422 0.38511
0.36352 0.5812
0.42844 0.37244
0.22382 0.34659
0.35583 0.2842
0.60557 0.58211
0.32434 0.45216
0.46073 0.87522
0.12478 0.46073
0.89416 0.66172
0.83845 0.88303
0.11697 0.83845
0.88303 0.16155
0.16155 0.11697
0.36912 0.55471
0.76383 0.90421
0.095788 0.76383
0.90425 0.23616
0.23616 0.095755
0.54257 0.86009
0.13991 0.54257
0.31572 0.47719
0.46129 0.31837
0.38868 0.44852
0.44304 0.17889
0.74455 0.34807
0.26478 0.85047
0.14953 0.26478
0.36477 0.22912
0.45568 0.80453
0.19547 0.45568
0.98793 0.59141
0.59141 0.012074
0.40859 0.98793
0.012074 0.40859
0.9081 0.66384
0.751 0.884
0.116 0.751
0.884 0.249
0.249 0.116
0.44726 0.89008
0.88937 0.55229
0.10995 0.44768
0.55229 0.11063
0.42715 0.23116
0.62119 0.69435
0.83631 0.79961
0.20039 0.83631
0.79957 0.16384
0.16384 0.20043
0.29 0.85197
0.14803 0.29
0.89671 0.71082
0.78315 0.74213
0.74179 0.21671
0.52502 0.55088
0.66519 0.89354
0.10646 0.66519
0.89354 0.33481
0.33481 0.10646
0.97116 0.64877
0.64878 0.028838
0.35122 0.97116
0.028838 0.35122
0.94654 0.65397
0.654 0.053465
0.346 0.94653
0.053465 0.346
0.28643 0.36287
0.67622 0.56748
0.30115 0.45738
0.381 0.33853
0.49856 0.46758
0.54938 0.60832
0.34672 0.78443
0.262 0.82478
0.17522 0.262
0.67689 0.12822
0.50017 0.010598
0.9894 0.50017
0.010598 0.49983
0.49983 0.9894
0.39592 0.34255
0.80761 0.91089
0.089111 0.80761
0.91089 0.19239
0.19239 0.089108
0.39892 0.03196
0.96804 0.39892
0.03196 0.60108
0.60108 0.96804
0.74456 0.7003
0.69958 0.25329
0.47116 0.89266
0.10734 0.47116
0.89273 0.52885
0.52885 0.10727
0.38814 0.84551
0.25469 0.42313
0.84957 0.73586
0.73522 0.14881
0.56478 0.34498
0.85908 0.60757
0.50746 0.6586
0.66775 0.80519
0.66783 0.79092
0.3916 0.71122
0.68661 0.64851
0.6983 0.62478
0.62285 0.30163
0.35568 0.6638
0.1373 0.39893
0.79116 0.33138
0.82301 0.73988
0.73988 0.17699
0.64665 0.58339
0.38248 0.54568
0.56793 0.46945
0.55132 0.033734
0.96627 0.55132
0.033734 0.44868
0.44868 0.96627
0.55283 0.78508
0.21492 0.55282
0.50032 0.5549
0.58254 0.44487
0.67857 0.63155
0.55842 0.90227
0.54496 0.89677
0.097733 0.55842
0.10323 0.54496
0.90227 0.44158
0.89677 0.45504
0.44158 0.097733
0.45504 0.10323
0.55163 0.96827
0.031729 0.55163
0.96827 0.44837
0.44837 0.031729
0.52032 0.94688
0.053119 0.52032
0.94688 0.47968
0.47968 0.053119
0.79801 0.81016
0.18984 0.79801
0.41208 0.46285
0.80015 0.88444
0.11556 0.80015
0.88444 0.19985
0.19985 0.11556
0.25802 0.78281
0.21719 0.25802
0.55697 0.39087
0.46104 0.94774
0.052256 0.46104
0.94774 0.53896
0.53896 0.052256
0.76795 0.52345
0.52328 0.232
0.41268 0.84836
0.15402 0.41462
0.5644 0.4305
0.61428 0.93172
0.068282 0.61428
0.93172 0.38572
0.38572 0.068282
0.7419 0.096113
0.2581 0.90389
0.096113 0.2581
0.40982 0.60495
0.55873 0.45588
0.86678 0.87247
0.12753 0.86678
0.87247 0.13322
0.13322 0.12753
0.77717 0.60317
0.60317 0.22283
0.91468 0.76866
0.76867 0.085268
0.23133 0.91473
0.085268 0.23133
0.38677 0.40013
0.81305 0.7879
0.2121 0.81305
0.47068 0.64902
0.46399 0.63705
0.70614 0.9586
0.0414 0.70614
0.9586 0.29386
0.29386 0.0414
0.40617 0.50401
0.60689 0.13958
0.28943 0.65755
0.33361 0.20927
0.63917 0.095866
0.36083 0.90413
0.095866 0.36083
0.68555 0.5932
0.45943 0.72411
0.60545 0.79898
0.20062 0.60558
0.54154 0.49348
0.69902 0.87412
0.12588 0.69902
0.87412 0.30098
0.30098 0.12588
0.80725 0.97059
0.029411 0.80725
0.97059 0.19275
0.19275 0.97059
0.97059 0.80725
0.19275 0.029411
0.029411 0.19275
0.80725 0.029411
0.35674 0.67784
0.46449 0.52254
0.48612 0.6478
0.65304 0.95471
0.04529 0.65304
0.95471 0.34696
0.34696 0.04529
0.69163 0.35825
0.69451 0.32625
0.36442 0.60775
0.29546 0.77201
0.22841 0.29447
0.44373 0.81366
0.18634 0.44373
0.88439 0.79819
0.79819 0.11561
0.20181 0.88439
0.11561 0.20181
0.72272 0.85779
0.14221 0.72272
0.85779 0.27728
0.27728 0.14221
0.48536 0.70131
0.29843 0.48423
0.39365 0.60535
0.55318 0.70334
0.296 0.55632
0.51144 0.46024
0.84435 0.75533
0.24458 0.8447
0.75533 0.15565
0.1553 0.24458
0.92807 0.63769
0.83482 0.047352
0.95265 0.83482
0.047352 0.16518
0.16518 0.95265
0.83072 0.088198
0.91231 0.83065
0.088198 0.16928
0.16928 0.9118
0.30917 0.67236
0.64255 0.85601
0.14399 0.64255
0.85596 0.35739
0.35739 0.14404
0.50069 0.80886
0.19114 0.50069
0.4327 0.21759
0.6406 0.73609
0.25848 0.6754
0.44265 0.85324
0.14676 0.44265
0.25124 0.3402
0.72587 0.073754
0.27413 0.92625
0.073754 0.27413
0.23804 0.42735
0.81272 0.50301
0.59294 0.39861
0.19473 0.66885
0.8279 0.64368
0.6439 0.17302
0.5092 0.96605
0.033949 0.5092
0.96605 0.4908
0.4908 0.033949
0.64129 0.35599
0.71835 0.47918
0.69162 0.11021
0.30839 0.88979
0.11022 0.30841
0.71085 0.041031
0.28915 0.95897
0.041031 0.28915
0.56889 0.4438
0.882 0.62465
0.90664 0.07072
0.92885 0.9065
0.07072 0.093357
0.093376 0.92883
0.66636 0.70513
0.77861 0.87373
0.12627 0.77861
0.87373 0.22139
0.22139 0.12627
0.60217 0.473
0.57377 0.41896
0.47757 0.33476
0.46599 0.29143
0.87604 0.54646
0.54647 0.12396
0.051339 0.60062
0.60062 0.94866
0.94866 0.39938
0.39938 0.051339
0.27757 0.44443
0.69842 0.61105
0.71032 0.60366
0.60877 0.30404
0.60366 0.28968
0.9183 0.72726
0.38838 0.31751
0.91532 0.049299
0.049299 0.084675
0.084518 0.95041
0.88425 0.67105
0.40773 0.39124
0.68148 0.46161
0.49097 0.39487
0.48066 0.13954
0.54849 0.27777
0.78962 0.89543
0.10457 0.78962
0.89543 0.21038
0.21038 0.10457
0.39142 0.30527
0.43402 0.59633
0.17726 0.65326
0.47884 0.73675
0.26246 0.48005
0.83306 0.30695
0.30695 0.16694
0.86503 0.69386
0.52978 0.973
0.027003 0.52978
0.973 0.47022
0.47022 0.027003
0.86014 0.90332
0.096675 0.86014
0.90332 0.13986
0.13986 0.096675
0.44647 0.72231
0.3417 0.41051
0.31027 0.86296
0.13704 0.31027
0.26963 0.64378
0.44781 0.55436
0.69508 0.76364
0.64378 0.49032
0.79342 0.87288
0.12712 0.79342
0.87288 0.20658
0.20658 0.12712
0.48309 0.60535
0.31979 0.55031
0.95319 0.10636
0.10636 0.046814
0.89366 0.95318
0.046819 0.89366
0.14196 0.35616
0.76061 0.30472
0.7274 0.10475
0.27261 0.89525
0.10475 0.27261
0.77326 0.51075
0.5108 0.22569
0.80832 0.41899
0.42893 0.76387
0.46409 0.16684
0.84378 0.62514
0.43403 0.83762
0.16238 0.43403
0.67732 0.08254
0.32268 0.91746
0.082541 0.32268
0.8797 0.69444
0.98716 0.56602
0.56602 0.012837
0.43398 0.98716
0.012837 0.43398
0.32275 0.87232
0.12762 0.32309
0.69777 0.85608
0.14392 0.69777
0.85608 0.30223
0.30223 0.14392
0.32476 0.62738
0.98846 0.095242
0.095242 0.011543
0.90476 0.011543
0.98846 0.90476
0.90476 0.98846
0.011543 0.90476
0.011543 0.095242
0.095242 0.98846
0.39205 0.86148
0.48134 0.90098
0.099015 0.48134
0.90098 0.51866
0.51866 0.099015
0.58809 0.59718
0.8095 0.37454
0.69366 0.83366
0.16667 0.69286
0.71705 0.64362
0.64363 0.28295
0.56176 0.80751
0.19274 0.5608
0.86899 0.654
0.66789 0.57887
0.55842 0.6877
0.23365 0.62764
0.43789 0.14698
0.67483 0.9162
0.0838 0.67483
0.9162 0.32517
0.32517 0.0838
0.34248 0.30248
0.32138 0.60606
0.60252 0.67856
0.44785 0.42048
0.80329 0.353
0.48105 0.79764
0.20236 0.48105
0.7679 0.93023
0.069766 0.7679
0.92991 0.23215
0.23215 0.070094
0.90347 0.63867
0.80466 0.33096
0.63891 0.40264
0.85334 0.94357
0.056434 0.85334
0.94357 0.14666
0.14666 0.056434
0.34855 0.24693
0.76067 0.8441
0.1559 0.76067
0.8441 0.23933
0.23933 0.1559
0.54873 0.4126
0.50927 0.34705
0.53362 0.77671
0.22329 0.53362
0.85633 0.63196
0.36422 0.95094
0.049057 0.36422
0.95094 0.63578
0.63578 0.049057
0.86493 0.75464
0.24549 0.86499
0.75452 0.13502
0.13501 0.24549
0.33681 0.99012
0.0098802 0.33681
0.99012 0.66319
0.66319 0.0098802
0.24738 0.75577
0.24423 0.24738
0.4711 0.18079
0.3609 0.35701
0.59997 0.61786
0.49495 0.92299
0.077013 0.49495
0.92299 0.50505
0.50505 0.077013
0.32677 0.59036
0.71956 0.43838
0.54452 0.98957
0.010433 0.54452
0.98957 0.45548
0.45548 0.010433
0.51969 0.82171
0.17829 0.51969
0.3016 0.62161
0.96823 0.57422
0.57422 0.031774
0.42578 0.96823
0.031774 0.42578
0.35408 0.83025
0.1723 0.35384
0.26493 0.76066
0.23927 0.26486
0.48945 0.35645
0.55647 0.58191
0.79955 0.53997
0.54067 0.20054
0.72253 0.66691
0.66673 0.27726
0.60048 0.85691
0.14309 0.60048
0.8568 0.39958
0.39959 0.14311
0.62438 0.59698
0.48717 0.21508
0.73067 0.88147
0.11853 0.73067
0.88147 0.26933
0.26933 0.11853
0.45319 0.33041
0.48142 0.28352
0.32507 0.69326
0.41428 0.91678
0.91679 0.58572
0.58572 0.083217
0.082398 0.4139
0.29834 0.33517
0.45578 0.23474
0.81736 0.19274
0.19274 0.18264
0.62398 0.63897
0.68655 0.41453
0.60191 0.53337
0.46378 0.57259
0.96598 0.91566
0.53519 0.39506
0.4568 0.46319
0.36507 0.45967
0.95238 0.22629
0.22629 0.047615
0.79738 0.274
0.27396 0.20262
0.2582 0.40762
0.33485 0.8508
0.14925 0.33357
0.59017 0.74525
0.66027 0.65018
0.010628 0.75409
0.75409 0.98937
0.24591 0.010628
0.98937 0.24591
0.60942 0.7584
0.7417 0.46931
0.63914 0.61843
0.67577 0.74772
0.82477 0.42124
0.77192 0.39326
0.69765 0.66041
0.95864 0.71202
0.28777 0.81216
0.18784 0.28777
0.74759 0.32604
0.31525 0.34995
0.90965 0.80784
0.19216 0.90965
0.80784 0.09035
0.09035 0.19216
0.83555 0.46024
0.36679 0.7675
0.60123 0.5936
0.78308 0.8507
0.1493 0.78308
0.8507 0.21692
0.21692 0.1493
0.76923 0.7781
0.22126 0.77031
0.77832 0.23023
0.22969 0.22126
0.86342 0.77641
0.77641 0.13658
0.22359 0.86342
0.13658 0.22359
0.36368 0.40316
0.96144 0.13032
0.13032 0.038558
0.86968 0.96144
0.038558 0.86968
0.77505 0.80114
0.19886 0.77505
0.80215 0.22547
0.22547 0.19785
0.34239 0.34499
0.65558 0.5105
0.44879 0.21138
0.75015 0.51663
0.94266 0.92911
0.19057 0.62845
0.43837 0.19237
0.40758 0.62637
0.69798 0.29955
0.72593 0.79741
0.20258 0.72596
0.67835 0.87098
0.12902 0.67835
0.87098 0.32165
0.32165 0.12902
0.64546 0.67236
0.58876 0.66072
0.76022 0.56627
0.56627 0.23979
0.82911 0.9451
0.054895 0.82911
0.9451 0.17089
0.17089 0.054895
0.54507 0.3876
0.90301 0.028107
0.97189 0.90301
0.028107 0.096992
0.096992 0.97189
0.75528 0.82138
0.17862 0.75528
0.82137 0.24473
0.24473 0.17863
0.66845 0.9365
0.063503 0.66845
0.9365 0.33155
0.33155 0.063503
0.53669 0.53196
0.66503 0.13377
0.74528 0.28262
0.58048 0.55398
0.59655 0.57359
0.47472 0.7591
0.24047 0.47534
0.80392 0.30763
0.58979 0.78217
0.21783 0.58979
0.97187 0.096937
0.096937 0.028132
0.90306 0.97187
0.028132 0.90306
0.73164 0.78532
0.21755 0.73168
0.4575 0.13819
0.74893 0.67511
0.67513 0.25108
0.93283 0.66151
0.66231 0.066976
0.33769 0.93302
0.066976 0.33769
0.76821 0.34029
0.5285 0.37144
0.47332 0.9154
0.084597 0.47332
0.9154 0.52668
0.52668 0.084597
0.36899 0.69449
0.53643 0.9134
0.086601 0.53643
0.9134 0.46357
0.46357 0.086601
0.48465 0.74884
0.2513 0.48569
0.27799 0.73719
0.30208 0.75051
0.36864 0.85455
0.4795 0.54388
0.74601 0.37151
0.38122 0.68658
0.44899 0.30767
0.62951 0.96923
0.030767 0.62951
0.96923 0.37049
0.37049 0.030767
0.52234 0.46589
0.78237 0.26837
0.26829 0.21763
0.30743 0.212
0.75214 0.24472
0.61007 0.65682
0.65063 0.75642
0.56682 0.59245
0.23285 0.65053
0.56479 0.57033
0.52063 0.59059
0.21274 0.69379
0.32585 0.25744
0.79031 0.49309
0.82719 0.96685
0.033154 0.82719
0.96685 0.17281
0.17281 0.033154
0.64823 0.12832
0.37276 0.26499
0.84845 0.77524
0.22476 0.84846
0.77497 0.152
0.152 0.22503
0.50746 0.57613
0.83042 0.025192
0.97481 0.83042
0.025192 0.16958
0.16958 0.97481
0.56599 0.38109
0.7596 0.73462
0.73452 0.24061
0.23981 0.37713
0.64529 0.80492
0.43911 0.50031
0.80495 0.64141
0.64141 0.19505
0.58738 0.98944
0.010564 0.58738
0.98944 0.41262
0.41262 0.010564
0.57773 0.73999
0.68764 0.68615
0.89758 0.74947
0.89988 0.76469
0.23502 0.89995
0.76498 0.10005
0.10005 0.23502
0.69229 0.80506
0.19323 0.69383
0.78784 0.42351
0.24922 0.30197
0.30883 0.1967
0.39759 0.37982
0.39369 0.28432
0.75245 0.621
0.621 0.24755
0.85339 0.83873
0.16127 0.85339
0.83971 0.14786
0.14786 0.16029
0.6668 0.67236
0.61882 0.38807
0.85424 0.86288
0.13712 0.85424
0.86288 0.14576
0.14576 0.13712
0.64952 0.15018
0.43514 0.34768
0.53301 0.95419
0.045811 0.53301
0.95419 0.46699
0.46699 0.045811
0.61058 0.55643
0.65887 0.45501
0.65623 0.32451
0.32074 0.33719
0.65165 0.55946
0.78308 0.56886
0.56886 0.21692
0.010593 0.36597
0.36597 0.98941
0.63403 0.010593
0.98941 0.63403
0.98967 0.75449
0.75449 0.010336
0.24551 0.98966
0.010336 0.24551
0.87315 0.71553
0.91821 0.0767
0.0767 0.08179
0.92354 0.9184
0.081551 0.92347
0.67896 0.28743
0.98844 0.080981
0.080981 0.011557
0.91899 0.011525
0.98845 0.91897
0.011525 0.081005
0.080958 0.98842
0.91896 0.9885
0.011502 0.91896
0.41294 0.2968
0.66001 0.30018
0.26006 0.57482
0.51636 0.2488
0.41002 0.72024
0.9399 0.046662
0.046662 0.0601
0.62059 0.91787
0.082126 0.62059
0.91787 0.37941
0.37941 0.082126
0.63336 0.91694
0.083058 0.63336
0.91694 0.36664
0.36664 0.083058
0.84025 0.33241
0.33181 0.16062
0.3435 0.74737
0.52545 0.61302
0.35783 0.78937
0.21198 0.35648
0.93022 0.057951
0.057951 0.069784
0.071035 0.94104
0.45074 0.6587
0.59966 0.45736
0.5712 0.61277
0.68021 0.78325
0.98839 0.60572
0.60572 0.011613
0.39428 0.98839
0.011613 0.39428
0.61416 0.40894
0.45529 0.25755
0.28125 0.70052
0.56477 0.85345
0.14655 0.56477
0.86406 0.84975
0.1503 0.86402
0.84984 0.13616
0.13616 0.15016
0.72515 0.98952
0.010477 0.72515
0.98952 0.27485
0.27485 0.010477
0.77556 0.95803
0.041969 0.77556
0.34702 0.26334
0.33569 0.26736
0.51579 0.67223
0.3438 0.51
0.84578 0.66445
0.82395 0.44216
0.45592 0.83287
0.16713 0.45592
0.66752 0.84034
0.16017 0.66787
0.39435 0.6686
0.8842 0.98804
0.011962 0.8842
0.11573 0.98829
0.011706 0.11573
0.98829 0.88427
0.88427 0.011706
0.1158 0.011962
0.98804 0.1158
0.54266 0.835
0.16547 0.5431
0.76402 0.62468
0.62468 0.23598
0.45659 0.89841
0.10162 0.45695
0.89837 0.54326
0.54326 0.10163
0.40664 0.57048
0.62685 0.78815
0.59937 0.65521
0.53627 0.48178
0.8615 0.82841
0.17157 0.8615
0.82855 0.13927
0.13927 0.17145
0.48027 0.81861
0.18139 0.48027
0.89351 0.84012
0.84327 0.10832
0.15673 0.89168
0.10832 0.15673
0.59024 0.43428
0.2715 0.32966
0.29522 0.39881
0.49005 0.78735
0.21265 0.49005
0.6336 0.33364
0.73502 0.6595
0.65946 0.26493
0.92061 0.70684
0.52231 0.74164
0.25836 0.52231
0.47319 0.32317
0.71896 0.74595
0.32585 0.65256
0.85413 0.12071
0.87738 0.85435
0.12071 0.14587
0.14618 0.87927
0.27328 0.40656
0.38908 0.46107
0.71319 0.67954
0.32492 0.97299
0.027008 0.32492
0.97284 0.6751
0.67508 0.027008
0.63341 0.5041
0.12369 0.39032
0.55003 0.36698
0.30826 0.79663
0.20337 0.30826
0.40711 0.22166
0.44641 0.51124
0.7161 0.12582
0.2839 0.87418
0.12582 0.2839
0.81071 0.71136
0.71102 0.18914
0.86586 0.029594
0.97041 0.86586
0.029594 0.13414
0.13414 0.97041
0.91819 0.74737
0.74706 0.082152
0.25294 0.91785
0.082152 0.25294
0.45414 0.76791
0.42326 0.439
0.74891 0.91982
0.080183 0.74891
0.91982 0.25109
0.25109 0.080183
0.49729 0.40372
0.76454 0.65818
0.65818 0.23546
0.9701 0.76433
0.76433 0.029901
0.23567 0.9701
0.029901 0.23567
0.24153 0.31287
0.73127 0.94702
0.052979 0.73127
0.94702 0.26873
0.26873 0.052979
0.73453 0.91317
0.086828 0.73453
0.91317 0.26547
0.26547 0.086828
0.27808 0.3881
0.33004 0.19397
0.52844 0.6715
0.69182 0.89736
0.10264 0.69182
0.89736 0.30818
0.30818 0.10264
0.81728 0.67036
0.66822 0.18254
0.65574 0.57495
0.27522 0.69068
0.62006 0.48733
0.28895 0.43729
0.98904 0.22884
0.22884 0.010958
0.77116 0.98904
0.010958 0.77116
0.63525 0.57519
0.78871 0.3072
0.72394 0.41472
0.53518 0.80016
0.19984 0.53518
0.39335 0.56444
0.26951 0.66625
0.77336 0.75132
0.46167 0.75675
0.3128 0.75903
0.26748 0.30799
0.63805 0.60485
0.5798 0.46598
0.82739 0.71004
0.70924 0.17282
0.15009 0.39105
0.5247 0.93361
0.066389 0.5247
0.93361 0.4753
0.4753 0.066389
0.70494 0.42835
0.66924 0.32426
0.59708 0.49744
0.44125 0.78819
0.21169 0.44125
0.48778 0.56503
0.37684 0.75797
0.37964 0.94036
0.059636 0.37964
0.94036 0.62036
0.62036 0.059636
0.79434 0.58836
0.58836 0.20566
0.46939 0.34564
0.31979 0.71394
0.4347 0.44766
0.71509 0.899
0.101 0.71509
0.899 0.28491
0.28491 0.101
0.32759 0.82022
0.17976 0.32758
0.67933 0.9905
0.0095018 0.67933
0.9905 0.32067
0.32067 0.0095018
0.98858 0.011418
0.011418 0.011418
0.98858 0.98858
0.011128 0.98887
0.36015 0.53018
0.80418 0.56701
0.56702 0.19582
0.42161 0.72089
0.2903 0.60067
0.38518 0.38649
0.9898 0.14247
0.14247 0.0102
0.85753 0.9898
0.0102 0.85753
0.85755 0.010335
0.98966 0.85755
0.010335 0.14245
0.14245 0.98966
0.49278 0.1415
0.66694 0.41975
0.91312 0.59654
0.59629 0.086374
0.40371 0.91363
0.086597 0.40426
0.36866 0.33716
0.60655 0.69222
0.46634 0.58583
0.75059 0.45735
0.76299 0.45979
0.58202 0.90114
0.098863 0.58202
0.90114 0.41798
0.41798 0.098862
0.23402 0.78938
0.78879 0.76505
0.21062 0.23402
0.76598 0.21062
0.33631 0.53251
0.65581 0.66371
0.78065 0.7867
0.21344 0.78053
0.7867 0.21935
0.21971 0.21308
0.68655 0.60605
0.72166 0.3533
0.52478 0.76591
0.23409 0.52478
0.77011 0.43953
0.43958 0.36729
0.91506 0.78118
0.78118 0.084935
0.21882 0.91507
0.084935 0.21882
0.3464 0.77213
0.6646 0.54105
0.31114 0.2738
0.42706 0.29846
0.37969 0.36221
0.81371 0.46067
0.6091 0.339
0.61179 0.60189
0.61184 0.8277
0.17195 0.61252
0.37294 0.1875
0.23229 0.455
0.48093 0.4176
0.19474 0.64296
0.40416 0.96868
0.031322 0.40416
0.96868 0.59584
0.59584 0.031322
0.82889 0.38625
0.38589 0.17105
0.64041 0.92769
0.072309 0.64041
0.92769 0.35959
0.35959 0.072309
0.33434 0.86719
0.13447 0.33415
0.18131 0.71812
0.71815 0.81869
0.30062 0.25584
0.81649 0.48104
0.76334 0.47578
0.41977 0.39567
0.35806 0.80267
0.19747 0.3577
0.39982 0.40216
0.42872 0.71113
0.50552 0.18917
0.7357 0.5529
0.55289 0.26441
0.30232 0.69985
0.80123 0.83485
0.16515 0.80123
0.83475 0.19873
0.19873 0.16525
0.46785 0.68959
0.76399 0.22341
0.54273 0.35547
0.47168 0.95557
0.044427 0.47168
0.95557 0.52832
0.52832 0.044427
0.62637 0.54108
0.60893 0.31777
0.52615 0.84396
0.15604 0.52615
0.50347 0.61298
0.93075 0.74286
0.74585 0.067472
0.25415 0.93253
0.067472 0.25415
0.67814 0.86019
0.13981 0.67814
0.86018 0.32185
0.32185 0.13982
0.63703 0.47548
0.29752 0.5429
0.28277 0.1814
0.81865 0.2819
0.86367 0.081683
0.081683 0.13633
0.91832 0.86367
0.13633 0.91832
0.8334 0.49425
0.92896 0.60617
0.60619 0.071039
0.39381 0.92896
0.071039 0.39381
0.50388 0.94405
0.055949 0.50388
0.94405 0.49612
0.49612 0.055949
0.8554 0.55685
0.55685 0.1446
0.49086 0.29288
0.33681 0.48871
0.67818 0.48148
0.68867 0.48799
0.75628 0.8671
0.1329 0.75628
0.8671 0.24372
0.24372 0.1329
0.36745 0.48314
0.44313 0.71003
0.52886 0.87787
0.12213 0.52886
0.87775 0.47171
0.47163 0.12189
0.88719 0.060507
0.93949 0.88715
0.060507 0.11281
0.11281 0.93949
0.41239 0.59172
0.95357 0.58367
0.046435 0.41633
0.41633 0.95357
0.58367 0.046435
0.65215 0.68514
0.46482 0.70322
0.57951 0.58909
0.62234 0.34497
0.44026 0.4069
0.67574 0.61569
0.62156 0.44894
0.94869 0.75644
0.75644 0.051318
0.24356 0.94868
0.051318 0.24356
0.85004 0.65111
0.79456 0.66654
0.66654 0.20544
0.23067 0.36739
0.38671 0.26144
0.73237 0.72187
0.94943 0.91245
0.38447 0.57379
0.39603 0.50993
0.53798 0.51914
0.30186 0.73665
0.78283 0.38792
0.41844 0.27707
0.40792 0.83761
0.1624 0.40843
0.40461 0.71018
0.96986 0.05612
0.05612 0.030144
0.96978 0.94428
0.055 0.972
0.79344 0.40043
0.62038 0.08599
0.37962 0.91401
0.085747 0.3799
0.45847 0.39982
0.663 0.34662
0.64179 0.10729
0.35821 0.89271
0.10661 0.35974
0.72155 0.57181
0.57155 0.27842
0.46535 0.93539
0.064607 0.46535
0.93539 0.53465
0.53465 0.064607
0.50163 0.5397
0.28167 0.2884
0.23363 0.66734
0.85154 0.031233
0.96877 0.85154
0.031233 0.14846
0.14846 0.96877
0.57804 0.38433
0.61991 0.11439
0.37897 0.88608
0.30964 0.64852
0.49096 0.49257
0.72899 0.64086
0.64086 0.27101
0.58719 0.37388
0.58147 0.36262
0.46656 0.86604
0.13396 0.46656
0.30712 0.7712
0.22897 0.30691
0.36231 0.49821
0.91561 0.6197
0.73653 0.93611
0.063886 0.73653
0.93638 0.26325
0.26325 0.063624
0.77673 0.47656
0.65897 0.60073
0.6176 0.76674
0.51509 0.92566
0.074335 0.51509
0.92566 0.48491
0.48491 0.074335
0.45405 0.84995
0.15005 0.45405
0.47531 0.77353
0.22645 0.47534
0.51349 0.77215
0.22785 0.51349
0.33364 0.56751
0.88359 0.70657
0.59345 0.63728
0.42009 0.48585
0.95682 0.74772
0.7477 0.043243
0.2523 0.95676
0.043243 0.2523
0.37056 0.86542
0.70041 0.35118
0.48966 0.33752
0.58799 0.023739
0.97626 0.58799
0.023739 0.41201
0.41201 0.97626
0.47148 0.97593
0.024069 0.47148
0.97593 0.52852
0.52852 0.024069
0.70713 0.45819
0.69791 0.45081
0.25943 0.70561
0.50402 0.93082
0.069177 0.50402
0.93082 0.49598
0.49598 0.069177
0.46006 0.53606
0.47131 0.14514
0.99053 0.20214
0.20214 0.0094694
0.79807 0.99071
0.009289 0.79807
0.79796 0.0093461
0.99065 0.79796
0.0093461 0.20204
0.20204 0.99065
0.30631 0.52299
0.69658 0.40766
0.47895 0.1931
0.47228 0.20313
0.3486 0.84985
0.88845 0.92886
0.071139 0.88845
0.92796 0.1112
0.1112 0.07204
0.57257 0.54186
0.54157 0.37555
0.84628 0.79502
0.20498 0.84628
0.79522 0.15424
0.15424 0.20478
0.35413 0.75145
0.60012 0.71254
0.0088916 0.052239
0.94776 0.0088916
0.94776 0.99111
0.0088916 0.94776
0.051155 0.99005
0.99061 0.9485
0.99062 0.051494
0.051494 0.0093758
0.73831 0.31593
0.4037 0.58258
0.37993 0.79328
0.20672 0.37993
0.26385 0.32083
0.77262 0.36675
0.40279 0.67872
0.47195 0.66995
0.54447 0.94548
0.054523 0.54447
0.94548 0.45553
0.45553 0.054523
0.72411 0.26777
0.2441 0.46424
0.72976 0.89863
0.10137 0.72976
0.89863 0.27024
0.27024 0.10137
0.42842 0.57416
0.62475 0.67839
0.22434 0.72013
0.71952 0.77562
0.66613 0.43126
0.7751 0.55034
0.55034 0.2249
0.71361 0.39554
0.42089 0.18578
0.27984 0.22425
0.15041 0.34764
0.2775 0.83208
0.16792 0.2775
0.77515 0.2811
0.72528 0.3762
0.25044 0.32551
0.48977 0.010485
0.98951 0.48977
0.010485 0.51023
0.51023 0.98951
0.85105 0.96895
0.031054 0.85105
0.96895 0.14895
0.14895 0.031054
0.33525 0.3241
0.44496 0.74398
0.84232 0.6797
0.96809 0.69027
0.54304 0.43987
0.59334 0.89812
0.10188 0.59334
0.89812 0.40666
0.40666 0.10188
0.74605 0.8604
0.1396 0.74605
0.8604 0.25395
0.25395 0.1396
0.6126 0.78691
0.84009 0.70085
0.70215 0.1618
0.83279 0.72103
0.72085 0.16739
0.71264 0.65688
0.48229 0.69001
0.80631 0.53131
0.47707 0.23734
0.77952 0.48851
0.65692 0.28668
0.5816 0.76377
0.23615 0.58099
0.73745 0.97332
0.026677 0.73745
0.97332 0.26255
0.26255 0.026677
0.54991 0.51539
0.79683 0.28732
0.28729 0.20321
0.52946 0.85558
0.14442 0.52946
0.94904 0.70139
0.45772 0.28342
0.66813 0.76642
0.25711 0.44772
0.52291 0.69385
0.4238 0.58786
0.96903 0.75214
0.75214 0.030971
0.24786 0.96903
0.030971 0.24786
0.49412 0.68041
0.23076 0.38863
0.69911 0.47589
0.54099 0.59846
0.29246 0.71771
0.94771 0.95063
0.049858 0.94752
0.71264 0.79666
0.20306 0.71258
0.48512 0.37874
0.36926 0.63057
0.8241 0.34759
0.75044 0.57425
0.57425 0.24956
0.30185 0.59898
0.29183 0.46374
0.55647 0.52804
0.24782 0.66686
0.479 0.25731
0.20385 0.18767
0.81233 0.20385
0.39608 0.74801
0.25844 0.28149
0.40581 0.76305
0.85554 0.058952
0.94105 0.85554
0.058952 0.14446
0.14446 0.94105
0.10903 0.43525
0.30581 0.58662
0.7927 0.35296
0.48118 0.62762
0.55646 0.47867
0.39339 0.87803
0.60742 0.12252
0.68949 0.42722
0.23388 0.35536
0.67622 0.39701
0.33937 0.010557
0.98944 0.33937
0.010557 0.66063
0.66063 0.98944
0.43178 0.6256
0.25376 0.3956
0.2359 0.77731
0.22269 0.2359
0.42903 0.42678
0.31277 0.46277
0.84583 0.4747
0.40897 0.28607
0.58042 0.39754
0.32175 0.73645
0.2762 0.99152
0.0084764 0.2762
0.99151 0.72381
0.7238 0.0084764
0.41877 0.75703
0.63185 0.89707
0.10293 0.63185
0.89707 0.36815
0.36815 0.10293
0.81464 0.94999
0.050012 0.81464
0.94999 0.18537
0.18537 0.050009
0.47801 0.4634
0.32633 0.35702
0.009191 0.022452
0.97755 0.009191
0.97755 0.99081
0.0087588 0.97748
0.022416 0.99084
0.99124 0.97748
0.99124 0.022524
0.022524 0.0087588
0.55887 0.87928
0.12072 0.55887
0.87898 0.4408
0.44078 0.121
0.49594 0.32722
0.49466 0.31554
0.34798 0.56509
0.81387 0.64779
0.6481 0.18634
0.40643 0.73969
0.40965 0.41506
0.48237 0.53327
0.16313 0.37514
0.63151 0.44
0.94244 0.64266
0.64306 0.057798
0.35694 0.9422
0.057798 0.35694
0.77583 0.65484
0.65484 0.22417
0.91664 0.089904
0.089904 0.083364
0.90589 0.90641
0.093592 0.90589
0.42488 0.64509
0.45055 0.67271
0.32039 0.17739
0.52778 0.63438
0.27692 0.58425
0.69829 0.060354
0.060354 0.30171
0.30171 0.93965
0.29101 0.82835
0.17165 0.29101
0.37265 0.97688
0.023119 0.37265
0.62735 0.023119
0.97688 0.62735
0.41123 0.70021
0.74442 0.95615
0.043845 0.74442
0.95606 0.25567
0.25567 0.043945
0.24597 0.35294
0.25224 0.6554
0.32907 0.47615
0.59965 0.56045
0.97827 0.075302
0.075302 0.021731
0.92371 0.022438
0.97781 0.92345
0.022438 0.076292
0.92361 0.97789
0.076292 0.97749
0.022108 0.92361
0.50175 0.91079
0.089209 0.50175
0.91079 0.49825
0.49825 0.089205
0.55489 0.49115
0.25297 0.36374
0.21466 0.6118
0.82043 0.072071
0.92793 0.82043
0.072071 0.17957
0.17957 0.92793
0.88858 0.5637
0.43613 0.8887
0.56378 0.11144
0.61385 0.80626
0.19366 0.61455
0.48712 0.80874
0.19126 0.48712
0.71876 0.62089
0.6209 0.28125
0.86671 0.9727
0.027303 0.86671
0.9727 0.13329
0.13329 0.027303
0.80626 0.3857
0.48302 0.94041
0.059593 0.48302
0.94041 0.51698
0.51698 0.059593
0.34569 0.20725
0.67364 0.95542
0.044584 0.67364
0.95542 0.32636
0.32636 0.044584
0.8164 0.96393
0.03607 0.8164
0.96393 0.1836
0.1836 0.03607
0.87625 0.58999
0.88359 0.60148
0.41001 0.87625
0.58999 0.12375
0.79449 0.75217
0.24866 0.79509
0.75225 0.20533
0.20491 0.24866
0.89985 0.83029
0.82958 0.10017
0.17042 0.89983
0.10017 0.17042
0.72153 0.46931
0.436 0.69011
0.78067 0.53225
0.53257 0.21921
0.75036 0.8964
0.1036 0.75036
0.89641 0.24964
0.24964 0.10359
0.513 0.51816
0.63479 0.71461
0.5316 0.19377
0.95168 0.72276
0.75917 0.48978
0.56188 0.54702
0.52246 0.86709
0.13291 0.52246
0.75543 0.58691
0.58691 0.24457
0.51948 0.4123
0.80244 0.78732
0.21268 0.80244
0.79555 0.61967
0.61965 0.20448
0.35682 0.3661
0.87274 0.83178
0.1682 0.87271
0.83182 0.1274
0.1274 0.16818
0.52437 0.89047
0.10953 0.52437
0.89058 0.4757
0.4757 0.10933
0.86557 0.62314
0.061447 0.95234
0.50331 0.71246
0.28757 0.50328
0.5883 0.72083
0.50899 0.38085
0.63756 0.56233
0.37251 0.42439
0.37291 0.74703
0.59086 0.32564
0.65253 0.82493
0.26631 0.59857
0.54737 0.76212
0.23788 0.54737
0.73231 0.40205
0.54789 0.68116
0.70261 0.56423
0.56438 0.29763
0.58486 0.85778
0.14222 0.58486
0.8575 0.41531
0.41567 0.14183
0.91404 0.56272
0.92373 0.56789
0.56272 0.085959
0.43728 0.91404
0.56789 0.076269
0.086804 0.43691
0.43211 0.92373
0.076242 0.43166
0.75927 0.97079
0.029214 0.75927
0.97012 0.24112
0.24112 0.029876
0.68243 0.82322
0.17703 0.67949
0.73892 0.33702
0.42251 0.46575
0.85505 0.46934
0.54603 0.4735
0.33106 0.55332
0.93337 0.69047
0.61601 0.74701
0.84707 0.041904
0.9581 0.84707
0.041904 0.15293
0.15293 0.9581
0.49859 0.5821
0.44082 0.29012
0.69748 0.90941
0.090592 0.69748
0.90941 0.30252
0.30252 0.090592
0.58377 0.81051
0.18569 0.57854
0.35597 0.76379
0.54583 0.66081
0.83726 0.82319
0.17681 0.83726
0.59841 0.35539
0.61833 0.50909
0.38481 0.50398
0.75912 0.2662
0.74832 0.26003
0.23255 0.61596
0.59854 0.82493
0.17547 0.59874
0.86461 0.57518
0.42529 0.86543
0.57518 0.13539
0.13272 0.4232
0.67092 0.97288
0.027115 0.67092
0.97288 0.32908
0.32908 0.027115
0.79391 0.85097
0.14903 0.79391
0.85097 0.20609
0.20609 0.14903
0.69752 0.74288
0.87854 0.76025
0.23973 0.8786
0.76027 0.1214
0.1214 0.23973
0.33383 0.75451
0.79611 0.95196
0.048036 0.79611
0.59002 0.52957
0.53167 0.3588
0.65001 0.54421
0.26401 0.65516
0.74031 0.38597
0.42532 0.73066
0.64608 0.64301
0.010376 0.45819
0.45819 0.98962
0.54181 0.010376
0.98962 0.54181
0.87645 0.77505
0.77506 0.12354
0.22493 0.87646
0.12354 0.22494
0.85047 0.51188
0.51188 0.14953
0.33141 0.73054
0.43245 0.33817
0.63433 0.99173
0.0082651 0.63433
0.99173 0.36567
0.36567 0.0082651
0.33925 0.22995
0.56828 0.67904
0.66518 0.72976
0.40525 0.54605
0.93051 0.76679
0.76679 0.069487
0.23321 0.93051
0.069487 0.23321
0.66651 0.63553
0.6856 0.95599
0.044014 0.6856
0.95599 0.3144
0.3144 0.044014
0.56546 0.6647
0.70133 0.049748
0.049748 0.29867
0.29867 0.95025
0.33423 0.27974
0.3843 0.19358
0.30912 0.4371
0.56427 0.72417
0.27654 0.56518
0.70572 0.37413
0.79897 0.68593
0.68686 0.20291
0.35197 0.52034
0.40053 0.32435
0.87576 0.11109
0.88889 0.87549
0.11109 0.12424
0.12448 0.8889
0.79732 0.47241
0.2143 0.6428
0.61614 0.46949
0.96983 0.73065
0.73065 0.030169
0.26935 0.96983
0.030169 0.26935
0.34169 0.73544
0.32087 0.66744
0.33228 0.6818
0.73723 0.48356
0.59945 0.37461
0.32163 0.43992
0.35292 0.31919
0.54463 0.77448
0.22552 0.54463
0.47576 0.50439
0.57197 0.92546
0.074544 0.57197
0.92546 0.42803
0.42803 0.074544
0.71779 0.063901
0.28221 0.9361
0.063901 0.28221
0.27688 0.25879
0.51402 0.61575
0.30276 0.34562
0.7816 0.59236
0.59236 0.2184
0.86815 0.92961
0.070394 0.86815
0.92961 0.13185
0.13185 0.070394
0.87296 0.91053
0.089469 0.87296
0.90992 0.12753
0.12753 0.090085
0.51343 0.63357
0.26844 0.4258
0.38983 0.77246
0.51452 0.32637
0.30988 0.56232
0.90354 0.5796
0.42106 0.90339
0.57894 0.096614
0.52848 0.78722
0.21278 0.52848
0.31924 0.49749
0.88491 0.74763
0.74817 0.11504
0.25183 0.88496
0.11504 0.25183
0.66664 0.5568
0.50877 0.16876
0.55008 0.91975
0.080253 0.55008
0.91975 0.44992
0.44992 0.080253
0.28256 0.97164
0.02836 0.28256
0.97151 0.71781
0.71744 0.02836
0.66523 0.68386
0.73118 0.4496
0.67611 0.65528
0.3005 0.63697
0.7499 0.71318
0.71291 0.24994
0.60525 0.43484
0.34467 0.6863
0.99188 0.69403
0.69403 0.0081162
0.30597 0.99188
0.0081162 0.30597
0.67093 0.59087
0.26809 0.71242
0.78595 0.18104
0.18104 0.21405
0.26732 0.77342
0.22657 0.26731
0.29766 0.79175
0.20825 0.29766
0.86991 0.47944
0.6465 0.42444
0.81102 0.76401
0.23598 0.81102
0.76401 0.18898
0.18898 0.23598
0.39007 0.97754
0.022458 0.39007
0.60993 0.022458
0.97754 0.60993
0.77358 0.72908
0.72912 0.22675
0.57857 0.34346
0.54397 0.56242
0.39303 0.69008
0.51575 0.78546
0.21454 0.51575
0.45893 0.42107
0.72909 0.7082
0.56012 0.33277
0.67507 0.45035
0.021908 0.75014
0.75014 0.97809
0.97798 0.24993
0.24993 0.022019
0.55372 0.93107
0.068929 0.55372
0.93107 0.44628
0.44628 0.068929
0.62408 0.47729
0.4426 0.57697
0.52582 0.30862
0.097198 0.42926
0.49723 0.15199
0.35104 0.30934
0.9401 0.58122
0.58122 0.059898
0.41878 0.9401
0.059898 0.41878
0.4508 0.38207
0.95439 0.79548
0.79548 0.045606
0.20452 0.95439
0.045606 0.20452
0.32516 0.51532
0.53322 0.45853
0.33207 0.33517
0.82344 0.3203
0.97112 0.043146
0.043146 0.028878
0.97258 0.95805
0.044648 0.97113
0.8073 0.40793
0.8499 0.58171
0.58172 0.15009
0.44341 0.25075
0.88142 0.080107
0.91989 0.88142
0.080107 0.11858
0.11858 0.91989
0.7952 0.71107
0.71097 0.20476
0.84708 0.45313
0.60107 0.90911
0.09089 0.60107
0.90911 0.39893
0.39893 0.09089
0.40488 0.86033
0.47103 0.38386
0.53058 0.44616
0.32297 0.74934
0.44295 0.43042
0.63307 0.83714
0.16314 0.63337
0.83687 0.36665
0.36665 0.16313
0.32959 0.61714
0.56304 0.84172
0.15869 0.5634
0.45322 0.79128
0.20869 0.45324
0.56296 0.62946
0.75067 0.22444
0.53522 0.40667
0.47543 0.1585
0.41278 0.81283
0.18717 0.41278
0.21266 0.34348
0.57143 0.4071
0.36226 0.74377
0.62774 0.094027
0.37221 0.90605
0.094159 0.3724
0.32625 0.52947
0.77751 0.64217
0.64217 0.22249
0.3662 0.65416
0.55368 0.71958
0.28193 0.55546
0.69342 0.37143
0.72034 0.68762
0.48542 0.48435
0.64657 0.79282
0.93782 0.08079
0.94105 0.069718
0.08079 0.062176
0.069718 0.058948
0.91946 0.93768
0.93028 0.94105
0.062316 0.91943
0.058948 0.93028
0.44548 0.24015
0.26325 0.34207
0.68762 0.27964
0.86186 0.59596
0.95535 0.030089
0.9439 0.027665
0.030089 0.044648
0.027665 0.056101
0.95502 0.9691
0.94309 0.97115
0.028447 0.94343
0.029842 0.95575
0.31984 0.83294
0.16706 0.31983
0.89189 0.65111
0.23542 0.40606
0.47098 0.62874
0.47272 0.56292
0.76114 0.69544
0.69555 0.23822
0.97548 0.029683
0.029683 0.024519
0.97548 0.97032
0.024519 0.97032
0.58752 0.45571
0.42134 0.31803
0.53715 0.25205
0.56341 0.82862
0.17223 0.5629
0.82899 0.91758
0.082415 0.82899
0.91758 0.17101
0.17101 0.082415
0.68729 0.061374
0.31271 0.93863
0.061374 0.31271
0.31047 0.73024
0.71792 0.70594
0.64042 0.8916
0.1084 0.64042
0.8916 0.35958
0.35958 0.1084
0.5911 0.55351
0.48736 0.30714
0.90464 0.090302
0.090302 0.095358
0.91975 0.90029
0.10007 0.91995
0.49322 0.83064
0.16936 0.49322
0.67257 0.30051
0.42204 0.17587
0.84337 0.34905
0.34883 0.15697
0.75183 0.1028
0.24817 0.8972
0.1028 0.24817
0.34422 0.44794
0.65583 0.72246
0.462 0.40947
0.87342 0.64465
0.34982 0.48105
0.25535 0.84371
0.15629 0.25535
0.34863 0.63076
0.56272 0.91305
0.086954 0.56272
0.91305 0.43728
0.43728 0.086954
0.95267 0.6104
0.6104 0.047333
0.3896 0.95267
0.047333 0.3896
0.57547 0.97491
0.025094 0.57547
0.42453 0.025094
0.97491 0.42453
0.67805 0.6693
0.34884 0.71727
0.42742 0.20842
0.45756 0.50851
0.83407 0.95631
0.043692 0.83407
0.95631 0.16593
0.16593 0.043692
0.26575 0.24112
0.25823 0.25074
0.71789 0.61119
0.61119 0.28211
0.61628 0.72129
0.62556 0.87741
0.12259 0.62556
0.8771 0.37446
0.37446 0.1229
0.53804 0.17526
0.24088 0.73415
0.25028 0.74122
0.27351 0.36883
0.58791 0.51973
0.73031 0.46289
0.5144 0.18034
0.59174 0.97072
0.029281 0.59174
0.97072 0.40826
0.40826 0.029281
0.78743 0.97566
0.02434 0.78743
0.97523 0.21237
0.21237 0.024767
0.97499 0.78796
0.78796 0.025011
0.21204 0.97499
0.025011 0.21204
0.73763 0.27234
0.68822 0.33424
0.43861 0.27144
0.92299 0.54689
0.54689 0.077007
0.45311 0.92299
0.077007 0.45311
0.29185 0.42176
0.84515 0.90483
0.095171 0.84515
0.90483 0.15485
0.15485 0.095171
0.49702 0.3476
0.75024 0.75354
0.823 0.72849
0.72848 0.17701
0.62683 0.52668
0.89241 0.62058
0.62966 0.55462
0.65391 0.435
0.54496 0.4626
0.38864 0.23373
0.46783 0.45695
0.58363 0.57692
0.83103 0.97679
0.023211 0.83103
0.97679 0.16897
0.16897 0.023211
0.29953 0.28052
0.59584 0.14009
0.65093 0.84346
0.15677 0.65099
0.8268 0.40617
0.15994 0.38468
0.82727 0.33412
0.33433 0.17176
0.31088 0.97017
0.029825 0.31088
0.68912 0.029825
0.4051 0.30418
0.34328 0.61781
0.54764 0.88552
0.11448 0.54764
0.88542 0.45235
0.45229 0.11451
0.35989 0.73267
0.67387 0.4713
0.67967 0.16883
0.54498 0.58819
0.87744 0.89179
0.89039 0.12486
0.10821 0.87744
0.12486 0.10961
0.92823 0.73015
0.74807 0.53725
0.79186 0.94209
0.057911 0.79186
0.68676 0.10166
0.31326 0.89835
0.10165 0.31327
0.35727 0.22202
0.71037 0.83887
0.16113 0.71037
0.46551 0.71516
0.7972 0.60082
0.60082 0.2028
0.27882 0.94907
0.72118 0.050929
0.050929 0.27882
0.96713 0.60522
0.60522 0.032872
0.39478 0.96713
0.032872 0.39478
0.8389 0.28963
0.28963 0.1611
0.92388 0.78485
0.78485 0.076116
0.21515 0.92388
0.076116 0.21515
0.80879 0.661
0.66068 0.19086
0.13023 0.41203
0.29112 0.8931
0.1069 0.29112
0.70888 0.1069
0.93687 0.756
0.7565 0.062845
0.2435 0.93716
0.062845 0.2435
0.68644 0.39083
0.13166 0.37431
0.83583 0.89654
0.10346 0.83583
0.89654 0.16417
0.16417 0.10346
0.75705 0.35069
0.8429 0.74493
0.74487 0.15706
0.66256 0.3588
0.82489 0.53754
0.27549 0.80798
0.19202 0.27549
0.25351 0.59404
0.3418 0.46677
0.45687 0.74555
0.33757 0.35573
0.50318 0.59919
0.34187 0.4343
0.35179 0.42979
0.45152 0.568
0.4808 0.4377
0.50598 0.36787
0.56734 0.73373
0.26624 0.56658
0.78707 0.81959
0.18041 0.78707
0.81959 0.21293
0.21293 0.18041
0.63251 0.75271
0.7033 0.86467
0.13533 0.7033
0.86467 0.2967
0.2967 0.13533
0.5609 0.50785
0.58198 0.87854
0.12146 0.58198
0.87854 0.41802
0.41802 0.12146
0.80209 0.72978
0.72978 0.19791
0.45706 0.54785
0.63041 0.77181
0.51132 0.95514
0.044859 0.51132
0.95514 0.48868
0.48868 0.044859
0.52258 0.70581
0.29369 0.5232
0.28367 0.68039
0.33972 0.19039
0.38753 0.7216
0.53734 0.96552
0.034477 0.53734
0.96552 0.46266
0.46266 0.034477
0.49868 0.87095
0.12905 0.49868
0.87076 0.50143
0.50109 0.1311
0.67846 0.53919
0.56782 0.35811
0.95542 0.68928
0.54657 0.73804
0.26195 0.54653
0.37955 0.52288
0.8785 0.56926
0.43043 0.87924
0.56931 0.12152
0.71024 0.35975
0.43597 0.39009
0.34452 0.28899
0.77043 0.41663
0.12047 0.42993
0.5144 0.4473
0.66602 0.82752
0.17157 0.666
0.56822 0.5274
0.29867 0.23341
0.40031 0.26647
0.63108 0.35504
0.4052 0.72943
0.70591 0.38716
0.39637 0.82379
0.17644 0.39613
0.9004 0.079531
0.079531 0.099596
0.49389 0.20778
0.47938 0.12884
0.298 0.6841
0.72056 0.87819
0.12181 0.72056
0.87819 0.27944
0.27944 0.12181
0.41734 0.67989
0.50639 0.81774
0.18226 0.50639
0.23314 0.70124
0.24882 0.77561
0.22439 0.24882
0.29713 0.84184
0.15816 0.29713
0.49428 0.36774
0.66529 0.74141
0.26562 0.99004
0.009957 0.26562
0.99004 0.73438
0.73438 0.009957
0.45214 0.87959
0.12042 0.45222
0.35019 0.72862
0.58735 0.35388
0.83573 0.47311
0.76987 0.25988
0.25941 0.22954
0.22982 0.74037
0.95199 0.20366
0.94309 0.20843
0.20366 0.04801
0.20843 0.056906
0.51491 0.39777
0.36863 0.72486
0.68341 0.37807
0.44484 0.82794
0.17205 0.44483
0.56352 0.65158
0.56426 0.94628
0.053724 0.56426
0.43574 0.053724
0.94628 0.43574
0.39154 0.58428
0.33939 0.69938
0.90119 0.8503
0.85077 0.09883
0.14927 0.90115
0.09883 0.14923
0.36808 0.30322
0.8109 0.72394
0.7239 0.18909
0.32431 0.37379
0.41615 0.56481
0.1107 0.3787
0.1156 0.36827
0.49048 0.17694
0.37477 0.24471
0.36743 0.25551
0.20274 0.6882
0.84141 0.85837
0.14163 0.84141
0.85828 0.15845
0.15845 0.14172
0.37455 0.46741
0.77627 0.81673
0.18327 0.77627
0.81707 0.22387
0.22387 0.18293
0.83244 0.2808
0.28084 0.16757
0.76422 0.63831
0.63831 0.23578
0.54325 0.7251
0.27455 0.54487
0.65867 0.94034
0.059656 0.65867
0.94034 0.34133
0.34133 0.059656
0.87808 0.055641
0.9444 0.87813
0.055641 0.12192
0.12192 0.94436
0.49832 0.27028
0.2869 0.40903
0.81887 0.5149
0.71922 0.83245
0.16755 0.71922
0.24194 0.33395
0.77088 0.5745
0.5745 0.22912
0.73729 0.5622
0.5622 0.26272
0.91062 0.91836
0.081642 0.91061
0.50813 0.5628
0.67523 0.75825
0.60003 0.8441
0.15592 0.60004
0.61278 0.5432
0.50724 0.84067
0.15933 0.50724
0.49875 0.64882
0.80659 0.17092
0.17092 0.19341
0.84385 0.40044
0.40123 0.15603
0.82796 0.48247
0.62768 0.13314
0.52852 0.28703
